in_solved_state,step,is_list,id,type,color,x,y,x_vel,y_vel,angle,is_collision,kind,id_1,type_1,color_1,x_1,y_1,x_vel_1,y_vel_1,angle_1,id_2,type_2,color_2,x_2,y_2,x_vel_2,y_vel_2,angle_2,kind,id_1,type_1,color_1,x_1,y_1,x_vel_1,y_vel_1,angle_1,id_2,type_2,color_2,x_2,y_2,x_vel_2,y_vel_2,angle_2,kind,id_1,type_1,color_1,x_1,y_1,x_vel_1,y_vel_1,angle_1,id_2,type_2,color_2,x_2,y_2,x_vel_2,y_vel_2,angle_2,kind,id_1,type_1,color_1,x_1,y_1,x_vel_1,y_vel_1,angle_1,id_2,type_2,color_2,x_2,y_2,x_vel_2,y_vel_2,angle_2,kind,id_1,type_1,color_1,x_1,y_1,x_vel_1,y_vel_1,angle_1,id_2,type_2,color_2,x_2,y_2,x_vel_2,y_vel_2,angle_2,kind,id_1,type_1,color_1,x_1,y_1,x_vel_1,y_vel_1,angle_1,id_2,type_2,color_2,x_2,y_2,x_vel_2,y_vel_2,angle_2,kind,id_1,type_1,color_1,x_1,y_1,x_vel_1,y_vel_1,angle_1,id_2,type_2,color_2,x_2,y_2,x_vel_2,y_vel_2,angle_2,kind,id_1,type_1,color_1,x_1,y_1,x_vel_1,y_vel_1,angle_1,id_2,type_2,color_2,x_2,y_2,x_vel_2,y_vel_2,angle_2,kind,id_1,type_1,color_1,x_1,y_1,x_vel_1,y_vel_1,angle_1,id_2,type_2,color_2,x_2,y_2,x_vel_2,y_vel_2,angle_2,kind,id_1,type_1,color_1,x_1,y_1,x_vel_1,y_vel_1,angle_1,id_2,type_2,color_2,x_2,y_2,x_vel_2,y_vel_2,angle_2,kind,id_1,type_1,color_1,x_1,y_1,x_vel_1,y_vel_1,angle_1,id_2,type_2,color_2,x_2,y_2,x_vel_2,y_vel_2,angle_2,kind,id_1,type_1,color_1,x_1,y_1,x_vel_1,y_vel_1,angle_1,id_2,type_2,color_2,x_2,y_2,x_vel_2,y_vel_2,angle_2,kind,id_1,type_1,color_1,x_1,y_1,x_vel_1,y_vel_1,angle_1,id_2,type_2,color_2,x_2,y_2,x_vel_2,y_vel_2,angle_2,kind,id_1,type_1,color_1,x_1,y_1,x_vel_1,y_vel_1,angle_1,id_2,type_2,color_2,x_2,y_2,x_vel_2,y_vel_2,angle_2,kind,id_1,type_1,color_1,x_1,y_1,x_vel_1,y_vel_1,angle_1,id_2,type_2,color_2,x_2,y_2,x_vel_2,y_vel_2,angle_2,kind,id_1,type_1,color_1,x_1,y_1,x_vel_1,y_vel_1,angle_1,id_2,type_2,color_2,x_2,y_2,x_vel_2,y_vel_2,angle_2,kind,id_1,type_1,color_1,x_1,y_1,x_vel_1,y_vel_1,angle_1,id_2,type_2,color_2,x_2,y_2,x_vel_2,y_vel_2,angle_2,kind,id_1,type_1,color_1,x_1,y_1,x_vel_1,y_vel_1,angle_1,id_2,type_2,color_2,x_2,y_2,x_vel_2,y_vel_2,angle_2,kind,id_1,type_1,color_1,x_1,y_1,x_vel_1,y_vel_1,angle_1,id_2,type_2,color_2,x_2,y_2,x_vel_2,y_vel_2,angle_2,kind,id_1,type_1,color_1,x_1,y_1,x_vel_1,y_vel_1,angle_1,id_2,type_2,color_2,x_2,y_2,x_vel_2,y_vel_2,angle_2,kind,id_1,type_1,color_1,x_1,y_1,x_vel_1,y_vel_1,angle_1,id_2,type_2,color_2,x_2,y_2,x_vel_2,y_vel_2,angle_2,kind,id_1,type_1,color_1,x_1,y_1,x_vel_1,y_vel_1,angle_1,id_2,type_2,color_2,x_2,y_2,x_vel_2,y_vel_2,angle_2,kind,id_1,type_1,color_1,x_1,y_1,x_vel_1,y_vel_1,angle_1,id_2,type_2,color_2,x_2,y_2,x_vel_2,y_vel_2,angle_2,kind,id_1,type_1,color_1,x_1,y_1,x_vel_1,y_vel_1,angle_1,id_2,type_2,color_2,x_2,y_2,x_vel_2,y_vel_2,angle_2,kind,id_1,type_1,color_1,x_1,y_1,x_vel_1,y_vel_1,angle_1,id_2,type_2,color_2,x_2,y_2,x_vel_2,y_vel_2,angle_2,kind,id_1,type_1,color_1,x_1,y_1,x_vel_1,y_vel_1,angle_1,id_2,type_2,color_2,x_2,y_2,x_vel_2,y_vel_2,angle_2,kind,id_1,type_1,color_1,x_1,y_1,x_vel_1,y_vel_1,angle_1,id_2,type_2,color_2,x_2,y_2,x_vel_2,y_vel_2,angle_2,kind,id_1,type_1,color_1,x_1,y_1,x_vel_1,y_vel_1,angle_1,id_2,type_2,color_2,x_2,y_2,x_vel_2,y_vel_2,angle_2,kind,id_1,type_1,color_1,x_1,y_1,x_vel_1,y_vel_1,angle_1,id_2,type_2,color_2,x_2,y_2,x_vel_2,y_vel_2,angle_2,kind,id_1,type_1,color_1,x_1,y_1,x_vel_1,y_vel_1,angle_1,id_2,type_2,color_2,x_2,y_2,x_vel_2,y_vel_2,angle_2,kind,id_1,type_1,color_1,x_1,y_1,x_vel_1,y_vel_1,angle_1,id_2,type_2,color_2,x_2,y_2,x_vel_2,y_vel_2,angle_2,kind,id_1,type_1,color_1,x_1,y_1,x_vel_1,y_vel_1,angle_1,id_2,type_2,color_2,x_2,y_2,x_vel_2,y_vel_2,angle_2,kind,id_1,type_1,color_1,x_1,y_1,x_vel_1,y_vel_1,angle_1,id_2,type_2,color_2,x_2,y_2,x_vel_2,y_vel_2,angle_2,kind,id_1,type_1,color_1,x_1,y_1,x_vel_1,y_vel_1,angle_1,id_2,type_2,color_2,x_2,y_2,x_vel_2,y_vel_2,angle_2,kind,id_1,type_1,color_1,x_1,y_1,x_vel_1,y_vel_1,angle_1,id_2,type_2,color_2,x_2,y_2,x_vel_2,y_vel_2,angle_2,kind,id_1,type_1,color_1,x_1,y_1,x_vel_1,y_vel_1,angle_1,id_2,type_2,color_2,x_2,y_2,x_vel_2,y_vel_2,angle_2,kind,id_1,type_1,color_1,x_1,y_1,x_vel_1,y_vel_1,angle_1,id_2,type_2,color_2,x_2,y_2,x_vel_2,y_vel_2,angle_2,kind,id_1,type_1,color_1,x_1,y_1,x_vel_1,y_vel_1,angle_1,id_2,type_2,color_2,x_2,y_2,x_vel_2,y_vel_2,angle_2,kind,id_1,type_1,color_1,x_1,y_1,x_vel_1,y_vel_1,angle_1,id_2,type_2,color_2,x_2,y_2,x_vel_2,y_vel_2,angle_2,kind,id_1,type_1,color_1,x_1,y_1,x_vel_1,y_vel_1,angle_1,id_2,type_2,color_2,x_2,y_2,x_vel_2,y_vel_2,angle_2,kind,id_1,type_1,color_1,x_1,y_1,x_vel_1,y_vel_1,angle_1,id_2,type_2,color_2,x_2,y_2,x_vel_2,y_vel_2,angle_2,kind,id_1,type_1,color_1,x_1,y_1,x_vel_1,y_vel_1,angle_1,id_2,type_2,color_2,x_2,y_2,x_vel_2,y_vel_2,angle_2,kind,id_1,type_1,color_1,x_1,y_1,x_vel_1,y_vel_1,angle_1,id_2,type_2,color_2,x_2,y_2,x_vel_2,y_vel_2,angle_2,kind,id_1,type_1,color_1,x_1,y_1,x_vel_1,y_vel_1,angle_1,id_2,type_2,color_2,x_2,y_2,x_vel_2,y_vel_2,angle_2,kind,id_1,type_1,color_1,x_1,y_1,x_vel_1,y_vel_1,angle_1,id_2,type_2,color_2,x_2,y_2,x_vel_2,y_vel_2,angle_2,kind,id_1,type_1,color_1,x_1,y_1,x_vel_1,y_vel_1,angle_1,id_2,type_2,color_2,x_2,y_2,x_vel_2,y_vel_2,angle_2,kind,id_1,type_1,color_1,x_1,y_1,x_vel_1,y_vel_1,angle_1,id_2,type_2,color_2,x_2,y_2,x_vel_2,y_vel_2,angle_2,kind,id_1,type_1,color_1,x_1,y_1,x_vel_1,y_vel_1,angle_1,id_2,type_2,color_2,x_2,y_2,x_vel_2,y_vel_2,angle_2,kind,id_1,type_1,color_1,x_1,y_1,x_vel_1,y_vel_1,angle_1,id_2,type_2,color_2,x_2,y_2,x_vel_2,y_vel_2,angle_2,kind,id_1,type_1,color_1,x_1,y_1,x_vel_1,y_vel_1,angle_1,id_2,type_2,color_2,x_2,y_2,x_vel_2,y_vel_2,angle_2,kind,id_1,type_1,color_1,x_1,y_1,x_vel_1,y_vel_1,angle_1,id_2,type_2,color_2,x_2,y_2,x_vel_2,y_vel_2,angle_2,kind,id_1,type_1,color_1,x_1,y_1,x_vel_1,y_vel_1,angle_1,id_2,type_2,color_2,x_2,y_2,x_vel_2,y_vel_2,angle_2,kind,id_1,type_1,color_1,x_1,y_1,x_vel_1,y_vel_1,angle_1,id_2,type_2,color_2,x_2,y_2,x_vel_2,y_vel_2,angle_2,kind,id_1,type_1,color_1,x_1,y_1,x_vel_1,y_vel_1,angle_1,id_2,type_2,color_2,x_2,y_2,x_vel_2,y_vel_2,angle_2,kind,id_1,type_1,color_1,x_1,y_1,x_vel_1,y_vel_1,angle_1,id_2,type_2,color_2,x_2,y_2,x_vel_2,y_vel_2,angle_2,kind,id_1,type_1,color_1,x_1,y_1,x_vel_1,y_vel_1,angle_1,id_2,type_2,color_2,x_2,y_2,x_vel_2,y_vel_2,angle_2,kind,id_1,type_1,color_1,x_1,y_1,x_vel_1,y_vel_1,angle_1,id_2,type_2,color_2,x_2,y_2,x_vel_2,y_vel_2,angle_2,kind,id_1,type_1,color_1,x_1,y_1,x_vel_1,y_vel_1,angle_1,id_2,type_2,color_2,x_2,y_2,x_vel_2,y_vel_2,angle_2,kind,id_1,type_1,color_1,x_1,y_1,x_vel_1,y_vel_1,angle_1,id_2,type_2,color_2,x_2,y_2,x_vel_2,y_vel_2,angle_2,kind,id_1,type_1,color_1,x_1,y_1,x_vel_1,y_vel_1,angle_1,id_2,type_2,color_2,x_2,y_2,x_vel_2,y_vel_2,angle_2,kind,id_1,type_1,color_1,x_1,y_1,x_vel_1,y_vel_1,angle_1,id_2,type_2,color_2,x_2,y_2,x_vel_2,y_vel_2,angle_2,kind,id_1,type_1,color_1,x_1,y_1,x_vel_1,y_vel_1,angle_1,id_2,type_2,color_2,x_2,y_2,x_vel_2,y_vel_2,angle_2,kind,id_1,type_1,color_1,x_1,y_1,x_vel_1,y_vel_1,angle_1,id_2,type_2,color_2,x_2,y_2,x_vel_2,y_vel_2,angle_2,kind,id_1,type_1,color_1,x_1,y_1,x_vel_1,y_vel_1,angle_1,id_2,type_2,color_2,x_2,y_2,x_vel_2,y_vel_2,angle_2,kind,id_1,type_1,color_1,x_1,y_1,x_vel_1,y_vel_1,angle_1,id_2,type_2,color_2,x_2,y_2,x_vel_2,y_vel_2,angle_2,kind,id_1,type_1,color_1,x_1,y_1,x_vel_1,y_vel_1,angle_1,id_2,type_2,color_2,x_2,y_2,x_vel_2,y_vel_2,angle_2,kind,id_1,type_1,color_1,x_1,y_1,x_vel_1,y_vel_1,angle_1,id_2,type_2,color_2,x_2,y_2,x_vel_2,y_vel_2,angle_2,kind,id_1,type_1,color_1,x_1,y_1,x_vel_1,y_vel_1,angle_1,id_2,type_2,color_2,x_2,y_2,x_vel_2,y_vel_2,angle_2,kind,id_1,type_1,color_1,x_1,y_1,x_vel_1,y_vel_1,angle_1,id_2,type_2,color_2,x_2,y_2,x_vel_2,y_vel_2,angle_2,kind,id_1,type_1,color_1,x_1,y_1,x_vel_1,y_vel_1,angle_1,id_2,type_2,color_2,x_2,y_2,x_vel_2,y_vel_2,angle_2,kind,id_1,type_1,color_1,x_1,y_1,x_vel_1,y_vel_1,angle_1,id_2,type_2,color_2,x_2,y_2,x_vel_2,y_vel_2,angle_2,kind,id_1,type_1,color_1,x_1,y_1,x_vel_1,y_vel_1,angle_1,id_2,type_2,color_2,x_2,y_2,x_vel_2,y_vel_2,angle_2,kind,id_1,type_1,color_1,x_1,y_1,x_vel_1,y_vel_1,angle_1,id_2,type_2,color_2,x_2,y_2,x_vel_2,y_vel_2,angle_2,kind,id_1,type_1,color_1,x_1,y_1,x_vel_1,y_vel_1,angle_1,id_2,type_2,color_2,x_2,y_2,x_vel_2,y_vel_2,angle_2,kind,id_1,type_1,color_1,x_1,y_1,x_vel_1,y_vel_1,angle_1,id_2,type_2,color_2,x_2,y_2,x_vel_2,y_vel_2,angle_2,kind,id_1,type_1,color_1,x_1,y_1,x_vel_1,y_vel_1,angle_1,id_2,type_2,color_2,x_2,y_2,x_vel_2,y_vel_2,angle_2,kind,id_1,type_1,color_1,x_1,y_1,x_vel_1,y_vel_1,angle_1,id_2,type_2,color_2,x_2,y_2,x_vel_2,y_vel_2,angle_2,kind,id_1,type_1,color_1,x_1,y_1,x_vel_1,y_vel_1,angle_1,id_2,type_2,color_2,x_2,y_2,x_vel_2,y_vel_2,angle_2,kind,id_1,type_1,color_1,x_1,y_1,x_vel_1,y_vel_1,angle_1,id_2,type_2,color_2,x_2,y_2,x_vel_2,y_vel_2,angle_2,kind,id_1,type_1,color_1,x_1,y_1,x_vel_1,y_vel_1,angle_1,id_2,type_2,color_2,x_2,y_2,x_vel_2,y_vel_2,angle_2,kind,id_1,type_1,color_1,x_1,y_1,x_vel_1,y_vel_1,angle_1,id_2,type_2,color_2,x_2,y_2,x_vel_2,y_vel_2,angle_2,kind,id_1,type_1,color_1,x_1,y_1,x_vel_1,y_vel_1,angle_1,id_2,type_2,color_2,x_2,y_2,x_vel_2,y_vel_2,angle_2,kind,id_1,type_1,color_1,x_1,y_1,x_vel_1,y_vel_1,angle_1,id_2,type_2,color_2,x_2,y_2,x_vel_2,y_vel_2,angle_2,kind,id_1,type_1,color_1,x_1,y_1,x_vel_1,y_vel_1,angle_1,id_2,type_2,color_2,x_2,y_2,x_vel_2,y_vel_2,angle_2,kind,id_1,type_1,color_1,x_1,y_1,x_vel_1,y_vel_1,angle_1,id_2,type_2,color_2,x_2,y_2,x_vel_2,y_vel_2,angle_2,kind,id_1,type_1,color_1,x_1,y_1,x_vel_1,y_vel_1,angle_1,id_2,type_2,color_2,x_2,y_2,x_vel_2,y_vel_2,angle_2,kind,id_1,type_1,color_1,x_1,y_1,x_vel_1,y_vel_1,angle_1,id_2,type_2,color_2,x_2,y_2,x_vel_2,y_vel_2,angle_2,kind,id_1,type_1,color_1,x_1,y_1,x_vel_1,y_vel_1,angle_1,id_2,type_2,color_2,x_2,y_2,x_vel_2,y_vel_2,angle_2,kind,id_1,type_1,color_1,x_1,y_1,x_vel_1,y_vel_1,angle_1,id_2,type_2,color_2,x_2,y_2,x_vel_2,y_vel_2,angle_2,kind,id_1,type_1,color_1,x_1,y_1,x_vel_1,y_vel_1,angle_1,id_2,type_2,color_2,x_2,y_2,x_vel_2,y_vel_2,angle_2,kind,id_1,type_1,color_1,x_1,y_1,x_vel_1,y_vel_1,angle_1,id_2,type_2,color_2,x_2,y_2,x_vel_2,y_vel_2,angle_2,kind,id_1,type_1,color_1,x_1,y_1,x_vel_1,y_vel_1,angle_1,id_2,type_2,color_2,x_2,y_2,x_vel_2,y_vel_2,angle_2,kind,id_1,type_1,color_1,x_1,y_1,x_vel_1,y_vel_1,angle_1,id_2,type_2,color_2,x_2,y_2,x_vel_2,y_vel_2,angle_2,kind,id_1,type_1,color_1,x_1,y_1,x_vel_1,y_vel_1,angle_1,id_2,type_2,color_2,x_2,y_2,x_vel_2,y_vel_2,angle_2,kind,id_1,type_1,color_1,x_1,y_1,x_vel_1,y_vel_1,angle_1,id_2,type_2,color_2,x_2,y_2,x_vel_2,y_vel_2,angle_2,kind,id_1,type_1,color_1,x_1,y_1,x_vel_1,y_vel_1,angle_1,id_2,type_2,color_2,x_2,y_2,x_vel_2,y_vel_2,angle_2,kind,id_1,type_1,color_1,x_1,y_1,x_vel_1,y_vel_1,angle_1,id_2,type_2,color_2,x_2,y_2,x_vel_2,y_vel_2,angle_2,kind,id_1,type_1,color_1,x_1,y_1,x_vel_1,y_vel_1,angle_1,id_2,type_2,color_2,x_2,y_2,x_vel_2,y_vel_2,angle_2,kind,id_1,type_1,color_1,x_1,y_1,x_vel_1,y_vel_1,angle_1,id_2,type_2,color_2,x_2,y_2,x_vel_2,y_vel_2,angle_2,kind,id_1,type_1,color_1,x_1,y_1,x_vel_1,y_vel_1,angle_1,id_2,type_2,color_2,x_2,y_2,x_vel_2,y_vel_2,angle_2,kind,id_1,type_1,color_1,x_1,y_1,x_vel_1,y_vel_1,angle_1,id_2,type_2,color_2,x_2,y_2,x_vel_2,y_vel_2,angle_2,kind,id_1,type_1,color_1,x_1,y_1,x_vel_1,y_vel_1,angle_1,id_2,type_2,color_2,x_2,y_2,x_vel_2,y_vel_2,angle_2,kind,id_1,type_1,color_1,x_1,y_1,x_vel_1,y_vel_1,angle_1,id_2,type_2,color_2,x_2,y_2,x_vel_2,y_vel_2,angle_2,kind,id_1,type_1,color_1,x_1,y_1,x_vel_1,y_vel_1,angle_1,id_2,type_2,color_2,x_2,y_2,x_vel_2,y_vel_2,angle_2,kind,id_1,type_1,color_1,x_1,y_1,x_vel_1,y_vel_1,angle_1,id_2,type_2,color_2,x_2,y_2,x_vel_2,y_vel_2,angle_2,kind,id_1,type_1,color_1,x_1,y_1,x_vel_1,y_vel_1,angle_1,id_2,type_2,color_2,x_2,y_2,x_vel_2,y_vel_2,angle_2,kind,id_1,type_1,color_1,x_1,y_1,x_vel_1,y_vel_1,angle_1,id_2,type_2,color_2,x_2,y_2,x_vel_2,y_vel_2,angle_2,kind,id_1,type_1,color_1,x_1,y_1,x_vel_1,y_vel_1,angle_1,id_2,type_2,color_2,x_2,y_2,x_vel_2,y_vel_2,angle_2,kind,id_1,type_1,color_1,x_1,y_1,x_vel_1,y_vel_1,angle_1,id_2,type_2,color_2,x_2,y_2,x_vel_2,y_vel_2,angle_2,kind,id_1,type_1,color_1,x_1,y_1,x_vel_1,y_vel_1,angle_1,id_2,type_2,color_2,x_2,y_2,x_vel_2,y_vel_2,angle_2,kind,id_1,type_1,color_1,x_1,y_1,x_vel_1,y_vel_1,angle_1,id_2,type_2,color_2,x_2,y_2,x_vel_2,y_vel_2,angle_2,kind,id_1,type_1,color_1,x_1,y_1,x_vel_1,y_vel_1,angle_1,id_2,type_2,color_2,x_2,y_2,x_vel_2,y_vel_2,angle_2,kind,id_1,type_1,color_1,x_1,y_1,x_vel_1,y_vel_1,angle_1,id_2,type_2,color_2,x_2,y_2,x_vel_2,y_vel_2,angle_2,kind,id_1,type_1,color_1,x_1,y_1,x_vel_1,y_vel_1,angle_1,id_2,type_2,color_2,x_2,y_2,x_vel_2,y_vel_2,angle_2,kind,id_1,type_1,color_1,x_1,y_1,x_vel_1,y_vel_1,angle_1,id_2,type_2,color_2,x_2,y_2,x_vel_2,y_vel_2,angle_2,kind,id_1,type_1,color_1,x_1,y_1,x_vel_1,y_vel_1,angle_1,id_2,type_2,color_2,x_2,y_2,x_vel_2,y_vel_2,angle_2,kind,id_1,type_1,color_1,x_1,y_1,x_vel_1,y_vel_1,angle_1,id_2,type_2,color_2,x_2,y_2,x_vel_2,y_vel_2,angle_2,kind,id_1,type_1,color_1,x_1,y_1,x_vel_1,y_vel_1,angle_1,id_2,type_2,color_2,x_2,y_2,x_vel_2,y_vel_2,angle_2,kind,id_1,type_1,color_1,x_1,y_1,x_vel_1,y_vel_1,angle_1,id_2,type_2,color_2,x_2,y_2,x_vel_2,y_vel_2,angle_2,kind,id_1,type_1,color_1,x_1,y_1,x_vel_1,y_vel_1,angle_1,id_2,type_2,color_2,x_2,y_2,x_vel_2,y_vel_2,angle_2,kind,id_1,type_1,color_1,x_1,y_1,x_vel_1,y_vel_1,angle_1,id_2,type_2,color_2,x_2,y_2,x_vel_2,y_vel_2,angle_2,kind,id_1,type_1,color_1,x_1,y_1,x_vel_1,y_vel_1,angle_1,id_2,type_2,color_2,x_2,y_2,x_vel_2,y_vel_2,angle_2,kind,id_1,type_1,color_1,x_1,y_1,x_vel_1,y_vel_1,angle_1,id_2,type_2,color_2,x_2,y_2,x_vel_2,y_vel_2,angle_2,kind,id_1,type_1,color_1,x_1,y_1,x_vel_1,y_vel_1,angle_1,id_2,type_2,color_2,x_2,y_2,x_vel_2,y_vel_2,angle_2,kind,id_1,type_1,color_1,x_1,y_1,x_vel_1,y_vel_1,angle_1,id_2,type_2,color_2,x_2,y_2,x_vel_2,y_vel_2,angle_2,kind,id_1,type_1,color_1,x_1,y_1,x_vel_1,y_vel_1,angle_1,id_2,type_2,color_2,x_2,y_2,x_vel_2,y_vel_2,angle_2,kind,id_1,type_1,color_1,x_1,y_1,x_vel_1,y_vel_1,angle_1,id_2,type_2,color_2,x_2,y_2,x_vel_2,y_vel_2,angle_2,kind,id_1,type_1,color_1,x_1,y_1,x_vel_1,y_vel_1,angle_1,id_2,type_2,color_2,x_2,y_2,x_vel_2,y_vel_2,angle_2,kind,id_1,type_1,color_1,x_1,y_1,x_vel_1,y_vel_1,angle_1,id_2,type_2,color_2,x_2,y_2,x_vel_2,y_vel_2,angle_2,kind,id_1,type_1,color_1,x_1,y_1,x_vel_1,y_vel_1,angle_1,id_2,type_2,color_2,x_2,y_2,x_vel_2,y_vel_2,angle_2,kind,id_1,type_1,color_1,x_1,y_1,x_vel_1,y_vel_1,angle_1,id_2,type_2,color_2,x_2,y_2,x_vel_2,y_vel_2,angle_2,kind,id_1,type_1,color_1,x_1,y_1,x_vel_1,y_vel_1,angle_1,id_2,type_2,color_2,x_2,y_2,x_vel_2,y_vel_2,angle_2,kind,id_1,type_1,color_1,x_1,y_1,x_vel_1,y_vel_1,angle_1,id_2,type_2,color_2,x_2,y_2,x_vel_2,y_vel_2,angle_2,kind,id_1,type_1,color_1,x_1,y_1,x_vel_1,y_vel_1,angle_1,id_2,type_2,color_2,x_2,y_2,x_vel_2,y_vel_2,angle_2,kind,id_1,type_1,color_1,x_1,y_1,x_vel_1,y_vel_1,angle_1,id_2,type_2,color_2,x_2,y_2,x_vel_2,y_vel_2,angle_2,kind,id_1,type_1,color_1,x_1,y_1,x_vel_1,y_vel_1,angle_1,id_2,type_2,color_2,x_2,y_2,x_vel_2,y_vel_2,angle_2,kind,id_1,type_1,color_1,x_1,y_1,x_vel_1,y_vel_1,angle_1,id_2,type_2,color_2,x_2,y_2,x_vel_2,y_vel_2,angle_2,kind,id_1,type_1,color_1,x_1,y_1,x_vel_1,y_vel_1,angle_1,id_2,type_2,color_2,x_2,y_2,x_vel_2,y_vel_2,angle_2,kind,id_1,type_1,color_1,x_1,y_1,x_vel_1,y_vel_1,angle_1,id_2,type_2,color_2,x_2,y_2,x_vel_2,y_vel_2,angle_2,kind,id_1,type_1,color_1,x_1,y_1,x_vel_1,y_vel_1,angle_1,id_2,type_2,color_2,x_2,y_2,x_vel_2,y_vel_2,angle_2,kind,id_1,type_1,color_1,x_1,y_1,x_vel_1,y_vel_1,angle_1,id_2,type_2,color_2,x_2,y_2,x_vel_2,y_vel_2,angle_2,kind,id_1,type_1,color_1,x_1,y_1,x_vel_1,y_vel_1,angle_1,id_2,type_2,color_2,x_2,y_2,x_vel_2,y_vel_2,angle_2,kind,id_1,type_1,color_1,x_1,y_1,x_vel_1,y_vel_1,angle_1,id_2,type_2,color_2,x_2,y_2,x_vel_2,y_vel_2,angle_2,kind,id_1,type_1,color_1,x_1,y_1,x_vel_1,y_vel_1,angle_1,id_2,type_2,color_2,x_2,y_2,x_vel_2,y_vel_2,angle_2,kind,id_1,type_1,color_1,x_1,y_1,x_vel_1,y_vel_1,angle_1,id_2,type_2,color_2,x_2,y_2,x_vel_2,y_vel_2,angle_2,kind,id_1,type_1,color_1,x_1,y_1,x_vel_1,y_vel_1,angle_1,id_2,type_2,color_2,x_2,y_2,x_vel_2,y_vel_2,angle_2,kind,id_1,type_1,color_1,x_1,y_1,x_vel_1,y_vel_1,angle_1,id_2,type_2,color_2,x_2,y_2,x_vel_2,y_vel_2,angle_2,kind,id_1,type_1,color_1,x_1,y_1,x_vel_1,y_vel_1,angle_1,id_2,type_2,color_2,x_2,y_2,x_vel_2,y_vel_2,angle_2,kind,id_1,type_1,color_1,x_1,y_1,x_vel_1,y_vel_1,angle_1,id_2,type_2,color_2,x_2,y_2,x_vel_2,y_vel_2,angle_2,kind,id_1,type_1,color_1,x_1,y_1,x_vel_1,y_vel_1,angle_1,id_2,type_2,color_2,x_2,y_2,x_vel_2,y_vel_2,angle_2,kind,id_1,type_1,color_1,x_1,y_1,x_vel_1,y_vel_1,angle_1,id_2,type_2,color_2,x_2,y_2,x_vel_2,y_vel_2,angle_2,kind,id_1,type_1,color_1,x_1,y_1,x_vel_1,y_vel_1,angle_1,id_2,type_2,color_2,x_2,y_2,x_vel_2,y_vel_2,angle_2,kind,id_1,type_1,color_1,x_1,y_1,x_vel_1,y_vel_1,angle_1,id_2,type_2,color_2,x_2,y_2,x_vel_2,y_vel_2,angle_2,kind,id_1,type_1,color_1,x_1,y_1,x_vel_1,y_vel_1,angle_1,id_2,type_2,color_2,x_2,y_2,x_vel_2,y_vel_2,angle_2,kind,id_1,type_1,color_1,x_1,y_1,x_vel_1,y_vel_1,angle_1,id_2,type_2,color_2,x_2,y_2,x_vel_2,y_vel_2,angle_2,kind,id_1,type_1,color_1,x_1,y_1,x_vel_1,y_vel_1,angle_1,id_2,type_2,color_2,x_2,y_2,x_vel_2,y_vel_2,angle_2,kind,id_1,type_1,color_1,x_1,y_1,x_vel_1,y_vel_1,angle_1,id_2,type_2,color_2,x_2,y_2,x_vel_2,y_vel_2,angle_2,kind,id_1,type_1,color_1,x_1,y_1,x_vel_1,y_vel_1,angle_1,id_2,type_2,color_2,x_2,y_2,x_vel_2,y_vel_2,angle_2,kind,id_1,type_1,color_1,x_1,y_1,x_vel_1,y_vel_1,angle_1,id_2,type_2,color_2,x_2,y_2,x_vel_2,y_vel_2,angle_2,kind,id_1,type_1,color_1,x_1,y_1,x_vel_1,y_vel_1,angle_1,id_2,type_2,color_2,x_2,y_2,x_vel_2,y_vel_2,angle_2,kind,id_1,type_1,color_1,x_1,y_1,x_vel_1,y_vel_1,angle_1,id_2,type_2,color_2,x_2,y_2,x_vel_2,y_vel_2,angle_2,kind,id_1,type_1,color_1,x_1,y_1,x_vel_1,y_vel_1,angle_1,id_2,type_2,color_2,x_2,y_2,x_vel_2,y_vel_2,angle_2,kind,id_1,type_1,color_1,x_1,y_1,x_vel_1,y_vel_1,angle_1,id_2,type_2,color_2,x_2,y_2,x_vel_2,y_vel_2,angle_2,kind,id_1,type_1,color_1,x_1,y_1,x_vel_1,y_vel_1,angle_1,id_2,type_2,color_2,x_2,y_2,x_vel_2,y_vel_2,angle_2,kind,id_1,type_1,color_1,x_1,y_1,x_vel_1,y_vel_1,angle_1,id_2,type_2,color_2,x_2,y_2,x_vel_2,y_vel_2,angle_2,kind,id_1,type_1,color_1,x_1,y_1,x_vel_1,y_vel_1,angle_1,id_2,type_2,color_2,x_2,y_2,x_vel_2,y_vel_2,angle_2,kind,id_1,type_1,color_1,x_1,y_1,x_vel_1,y_vel_1,angle_1,id_2,type_2,color_2,x_2,y_2,x_vel_2,y_vel_2,angle_2,kind,id_1,type_1,color_1,x_1,y_1,x_vel_1,y_vel_1,angle_1,id_2,type_2,color_2,x_2,y_2,x_vel_2,y_vel_2,angle_2,kind,id_1,type_1,color_1,x_1,y_1,x_vel_1,y_vel_1,angle_1,id_2,type_2,color_2,x_2,y_2,x_vel_2,y_vel_2,angle_2,kind,id_1,type_1,color_1,x_1,y_1,x_vel_1,y_vel_1,angle_1,id_2,type_2,color_2,x_2,y_2,x_vel_2,y_vel_2,angle_2,kind,id_1,type_1,color_1,x_1,y_1,x_vel_1,y_vel_1,angle_1,id_2,type_2,color_2,x_2,y_2,x_vel_2,y_vel_2,angle_2,kind,id_1,type_1,color_1,x_1,y_1,x_vel_1,y_vel_1,angle_1,id_2,type_2,color_2,x_2,y_2,x_vel_2,y_vel_2,angle_2,kind,id_1,type_1,color_1,x_1,y_1,x_vel_1,y_vel_1,angle_1,id_2,type_2,color_2,x_2,y_2,x_vel_2,y_vel_2,angle_2,kind,id_1,type_1,color_1,x_1,y_1,x_vel_1,y_vel_1,angle_1,id_2,type_2,color_2,x_2,y_2,x_vel_2,y_vel_2,angle_2,kind,id_1,type_1,color_1,x_1,y_1,x_vel_1,y_vel_1,angle_1,id_2,type_2,color_2,x_2,y_2,x_vel_2,y_vel_2,angle_2,kind,id_1,type_1,color_1,x_1,y_1,x_vel_1,y_vel_1,angle_1,id_2,type_2,color_2,x_2,y_2,x_vel_2,y_vel_2,angle_2,kind,id_1,type_1,color_1,x_1,y_1,x_vel_1,y_vel_1,angle_1,id_2,type_2,color_2,x_2,y_2,x_vel_2,y_vel_2,angle_2,kind,id_1,type_1,color_1,x_1,y_1,x_vel_1,y_vel_1,angle_1,id_2,type_2,color_2,x_2,y_2,x_vel_2,y_vel_2,angle_2,kind,id_1,type_1,color_1,x_1,y_1,x_vel_1,y_vel_1,angle_1,id_2,type_2,color_2,x_2,y_2,x_vel_2,y_vel_2,angle_2,kind,id_1,type_1,color_1,x_1,y_1,x_vel_1,y_vel_1,angle_1,id_2,type_2,color_2,x_2,y_2,x_vel_2,y_vel_2,angle_2,kind,id_1,type_1,color_1,x_1,y_1,x_vel_1,y_vel_1,angle_1,id_2,type_2,color_2,x_2,y_2,x_vel_2,y_vel_2,angle_2,kind,id_1,type_1,color_1,x_1,y_1,x_vel_1,y_vel_1,angle_1,id_2,type_2,color_2,x_2,y_2,x_vel_2,y_vel_2,angle_2,kind,id_1,type_1,color_1,x_1,y_1,x_vel_1,y_vel_1,angle_1,id_2,type_2,color_2,x_2,y_2,x_vel_2,y_vel_2,angle_2,kind,id_1,type_1,color_1,x_1,y_1,x_vel_1,y_vel_1,angle_1,id_2,type_2,color_2,x_2,y_2,x_vel_2,y_vel_2,angle_2,kind,id_1,type_1,color_1,x_1,y_1,x_vel_1,y_vel_1,angle_1,id_2,type_2,color_2,x_2,y_2,x_vel_2,y_vel_2,angle_2,kind,id_1,type_1,color_1,x_1,y_1,x_vel_1,y_vel_1,angle_1,id_2,type_2,color_2,x_2,y_2,x_vel_2,y_vel_2,angle_2,kind,id_1,type_1,color_1,x_1,y_1,x_vel_1,y_vel_1,angle_1,id_2,type_2,color_2,x_2,y_2,x_vel_2,y_vel_2,angle_2,kind,id_1,type_1,color_1,x_1,y_1,x_vel_1,y_vel_1,angle_1,id_2,type_2,color_2,x_2,y_2,x_vel_2,y_vel_2,angle_2,kind,id_1,type_1,color_1,x_1,y_1,x_vel_1,y_vel_1,angle_1,id_2,type_2,color_2,x_2,y_2,x_vel_2,y_vel_2,angle_2,kind,id_1,type_1,color_1,x_1,y_1,x_vel_1,y_vel_1,angle_1,id_2,type_2,color_2,x_2,y_2,x_vel_2,y_vel_2,angle_2,kind,id_1,type_1,color_1,x_1,y_1,x_vel_1,y_vel_1,angle_1,id_2,type_2,color_2,x_2,y_2,x_vel_2,y_vel_2,angle_2,kind,id_1,type_1,color_1,x_1,y_1,x_vel_1,y_vel_1,angle_1,id_2,type_2,color_2,x_2,y_2,x_vel_2,y_vel_2,angle_2,kind,id_1,type_1,color_1,x_1,y_1,x_vel_1,y_vel_1,angle_1,id_2,type_2,color_2,x_2,y_2,x_vel_2,y_vel_2,angle_2,kind,id_1,type_1,color_1,x_1,y_1,x_vel_1,y_vel_1,angle_1,id_2,type_2,color_2,x_2,y_2,x_vel_2,y_vel_2,angle_2,kind,id_1,type_1,color_1,x_1,y_1,x_vel_1,y_vel_1,angle_1,id_2,type_2,color_2,x_2,y_2,x_vel_2,y_vel_2,angle_2,kind,id_1,type_1,color_1,x_1,y_1,x_vel_1,y_vel_1,angle_1,id_2,type_2,color_2,x_2,y_2,x_vel_2,y_vel_2,angle_2,kind,id_1,type_1,color_1,x_1,y_1,x_vel_1,y_vel_1,angle_1,id_2,type_2,color_2,x_2,y_2,x_vel_2,y_vel_2,angle_2,kind,id_1,type_1,color_1,x_1,y_1,x_vel_1,y_vel_1,angle_1,id_2,type_2,color_2,x_2,y_2,x_vel_2,y_vel_2,angle_2,kind,id_1,type_1,color_1,x_1,y_1,x_vel_1,y_vel_1,angle_1,id_2,type_2,color_2,x_2,y_2,x_vel_2,y_vel_2,angle_2,kind,id_1,type_1,color_1,x_1,y_1,x_vel_1,y_vel_1,angle_1,id_2,type_2,color_2,x_2,y_2,x_vel_2,y_vel_2,angle_2,kind,id_1,type_1,color_1,x_1,y_1,x_vel_1,y_vel_1,angle_1,id_2,type_2,color_2,x_2,y_2,x_vel_2,y_vel_2,angle_2,kind,id_1,type_1,color_1,x_1,y_1,x_vel_1,y_vel_1,angle_1,id_2,type_2,color_2,x_2,y_2,x_vel_2,y_vel_2,angle_2,kind,id_1,type_1,color_1,x_1,y_1,x_vel_1,y_vel_1,angle_1,id_2,type_2,color_2,x_2,y_2,x_vel_2,y_vel_2,angle_2,kind,id_1,type_1,color_1,x_1,y_1,x_vel_1,y_vel_1,angle_1,id_2,type_2,color_2,x_2,y_2,x_vel_2,y_vel_2,angle_2,kind,id_1,type_1,color_1,x_1,y_1,x_vel_1,y_vel_1,angle_1,id_2,type_2,color_2,x_2,y_2,x_vel_2,y_vel_2,angle_2,kind,id_1,type_1,color_1,x_1,y_1,x_vel_1,y_vel_1,angle_1,id_2,type_2,color_2,x_2,y_2,x_vel_2,y_vel_2,angle_2,kind,id_1,type_1,color_1,x_1,y_1,x_vel_1,y_vel_1,angle_1,id_2,type_2,color_2,x_2,y_2,x_vel_2,y_vel_2,angle_2,kind,id_1,type_1,color_1,x_1,y_1,x_vel_1,y_vel_1,angle_1,id_2,type_2,color_2,x_2,y_2,x_vel_2,y_vel_2,angle_2,kind,id_1,type_1,color_1,x_1,y_1,x_vel_1,y_vel_1,angle_1,id_2,type_2,color_2,x_2,y_2,x_vel_2,y_vel_2,angle_2,kind,id_1,type_1,color_1,x_1,y_1,x_vel_1,y_vel_1,angle_1,id_2,type_2,color_2,x_2,y_2,x_vel_2,y_vel_2,angle_2,kind,id_1,type_1,color_1,x_1,y_1,x_vel_1,y_vel_1,angle_1,id_2,type_2,color_2,x_2,y_2,x_vel_2,y_vel_2,angle_2,kind,id_1,type_1,color_1,x_1,y_1,x_vel_1,y_vel_1,angle_1,id_2,type_2,color_2,x_2,y_2,x_vel_2,y_vel_2,angle_2,kind,id_1,type_1,color_1,x_1,y_1,x_vel_1,y_vel_1,angle_1,id_2,type_2,color_2,x_2,y_2,x_vel_2,y_vel_2,angle_2,kind,id_1,type_1,color_1,x_1,y_1,x_vel_1,y_vel_1,angle_1,id_2,type_2,color_2,x_2,y_2,x_vel_2,y_vel_2,angle_2,kind,id_1,type_1,color_1,x_1,y_1,x_vel_1,y_vel_1,angle_1,id_2,type_2,color_2,x_2,y_2,x_vel_2,y_vel_2,angle_2,kind,id_1,type_1,color_1,x_1,y_1,x_vel_1,y_vel_1,angle_1,id_2,type_2,color_2,x_2,y_2,x_vel_2,y_vel_2,angle_2,kind,id_1,type_1,color_1,x_1,y_1,x_vel_1,y_vel_1,angle_1,id_2,type_2,color_2,x_2,y_2,x_vel_2,y_vel_2,angle_2,kind,id_1,type_1,color_1,x_1,y_1,x_vel_1,y_vel_1,angle_1,id_2,type_2,color_2,x_2,y_2,x_vel_2,y_vel_2,angle_2,kind,id_1,type_1,color_1,x_1,y_1,x_vel_1,y_vel_1,angle_1,id_2,type_2,color_2,x_2,y_2,x_vel_2,y_vel_2,angle_2,kind,id_1,type_1,color_1,x_1,y_1,x_vel_1,y_vel_1,angle_1,id_2,type_2,color_2,x_2,y_2,x_vel_2,y_vel_2,angle_2,kind,id_1,type_1,color_1,x_1,y_1,x_vel_1,y_vel_1,angle_1,id_2,type_2,color_2,x_2,y_2,x_vel_2,y_vel_2,angle_2,kind,id_1,type_1,color_1,x_1,y_1,x_vel_1,y_vel_1,angle_1,id_2,type_2,color_2,x_2,y_2,x_vel_2,y_vel_2,angle_2,kind,id_1,type_1,color_1,x_1,y_1,x_vel_1,y_vel_1,angle_1,id_2,type_2,color_2,x_2,y_2,x_vel_2,y_vel_2,angle_2,kind,id_1,type_1,color_1,x_1,y_1,x_vel_1,y_vel_1,angle_1,id_2,type_2,color_2,x_2,y_2,x_vel_2,y_vel_2,angle_2,kind,id_1,type_1,color_1,x_1,y_1,x_vel_1,y_vel_1,angle_1,id_2,type_2,color_2,x_2,y_2,x_vel_2,y_vel_2,angle_2,kind,id_1,type_1,color_1,x_1,y_1,x_vel_1,y_vel_1,angle_1,id_2,type_2,color_2,x_2,y_2,x_vel_2,y_vel_2,angle_2,kind,id_1,type_1,color_1,x_1,y_1,x_vel_1,y_vel_1,angle_1,id_2,type_2,color_2,x_2,y_2,x_vel_2,y_vel_2,angle_2,kind,id_1,type_1,color_1,x_1,y_1,x_vel_1,y_vel_1,angle_1,id_2,type_2,color_2,x_2,y_2,x_vel_2,y_vel_2,angle_2,kind,id_1,type_1,color_1,x_1,y_1,x_vel_1,y_vel_1,angle_1,id_2,type_2,color_2,x_2,y_2,x_vel_2,y_vel_2,angle_2,kind,id_1,type_1,color_1,x_1,y_1,x_vel_1,y_vel_1,angle_1,id_2,type_2,color_2,x_2,y_2,x_vel_2,y_vel_2,angle_2,kind,id_1,type_1,color_1,x_1,y_1,x_vel_1,y_vel_1,angle_1,id_2,type_2,color_2,x_2,y_2,x_vel_2,y_vel_2,angle_2,kind,id_1,type_1,color_1,x_1,y_1,x_vel_1,y_vel_1,angle_1,id_2,type_2,color_2,x_2,y_2,x_vel_2,y_vel_2,angle_2,kind,id_1,type_1,color_1,x_1,y_1,x_vel_1,y_vel_1,angle_1,id_2,type_2,color_2,x_2,y_2,x_vel_2,y_vel_2,angle_2,kind,id_1,type_1,color_1,x_1,y_1,x_vel_1,y_vel_1,angle_1,id_2,type_2,color_2,x_2,y_2,x_vel_2,y_vel_2,angle_2,kind,id_1,type_1,color_1,x_1,y_1,x_vel_1,y_vel_1,angle_1,id_2,type_2,color_2,x_2,y_2,x_vel_2,y_vel_2,angle_2,kind,id_1,type_1,color_1,x_1,y_1,x_vel_1,y_vel_1,angle_1,id_2,type_2,color_2,x_2,y_2,x_vel_2,y_vel_2,angle_2,kind,id_1,type_1,color_1,x_1,y_1,x_vel_1,y_vel_1,angle_1,id_2,type_2,color_2,x_2,y_2,x_vel_2,y_vel_2,angle_2,kind,id_1,type_1,color_1,x_1,y_1,x_vel_1,y_vel_1,angle_1,id_2,type_2,color_2,x_2,y_2,x_vel_2,y_vel_2,angle_2,kind,id_1,type_1,color_1,x_1,y_1,x_vel_1,y_vel_1,angle_1,id_2,type_2,color_2,x_2,y_2,x_vel_2,y_vel_2,angle_2,kind,id_1,type_1,color_1,x_1,y_1,x_vel_1,y_vel_1,angle_1,id_2,type_2,color_2,x_2,y_2,x_vel_2,y_vel_2,angle_2,kind,id_1,type_1,color_1,x_1,y_1,x_vel_1,y_vel_1,angle_1,id_2,type_2,color_2,x_2,y_2,x_vel_2,y_vel_2,angle_2,kind,id_1,type_1,color_1,x_1,y_1,x_vel_1,y_vel_1,angle_1,id_2,type_2,color_2,x_2,y_2,x_vel_2,y_vel_2,angle_2,kind,id_1,type_1,color_1,x_1,y_1,x_vel_1,y_vel_1,angle_1,id_2,type_2,color_2,x_2,y_2,x_vel_2,y_vel_2,angle_2,kind,id_1,type_1,color_1,x_1,y_1,x_vel_1,y_vel_1,angle_1,id_2,type_2,color_2,x_2,y_2,x_vel_2,y_vel_2,angle_2,kind,id_1,type_1,color_1,x_1,y_1,x_vel_1,y_vel_1,angle_1,id_2,type_2,color_2,x_2,y_2,x_vel_2,y_vel_2,angle_2,kind,id_1,type_1,color_1,x_1,y_1,x_vel_1,y_vel_1,angle_1,id_2,type_2,color_2,x_2,y_2,x_vel_2,y_vel_2,angle_2,kind,id_1,type_1,color_1,x_1,y_1,x_vel_1,y_vel_1,angle_1,id_2,type_2,color_2,x_2,y_2,x_vel_2,y_vel_2,angle_2,kind,id_1,type_1,color_1,x_1,y_1,x_vel_1,y_vel_1,angle_1,id_2,type_2,color_2,x_2,y_2,x_vel_2,y_vel_2,angle_2,kind,id_1,type_1,color_1,x_1,y_1,x_vel_1,y_vel_1,angle_1,id_2,type_2,color_2,x_2,y_2,x_vel_2,y_vel_2,angle_2,kind,id_1,type_1,color_1,x_1,y_1,x_vel_1,y_vel_1,angle_1,id_2,type_2,color_2,x_2,y_2,x_vel_2,y_vel_2,angle_2,kind,id_1,type_1,color_1,x_1,y_1,x_vel_1,y_vel_1,angle_1,id_2,type_2,color_2,x_2,y_2,x_vel_2,y_vel_2,angle_2,kind,id_1,type_1,color_1,x_1,y_1,x_vel_1,y_vel_1,angle_1,id_2,type_2,color_2,x_2,y_2,x_vel_2,y_vel_2,angle_2,kind,id_1,type_1,color_1,x_1,y_1,x_vel_1,y_vel_1,angle_1,id_2,type_2,color_2,x_2,y_2,x_vel_2,y_vel_2,angle_2,kind,id_1,type_1,color_1,x_1,y_1,x_vel_1,y_vel_1,angle_1,id_2,type_2,color_2,x_2,y_2,x_vel_2,y_vel_2,angle_2,kind,id_1,type_1,color_1,x_1,y_1,x_vel_1,y_vel_1,angle_1,id_2,type_2,color_2,x_2,y_2,x_vel_2,y_vel_2,angle_2,kind,id_1,type_1,color_1,x_1,y_1,x_vel_1,y_vel_1,angle_1,id_2,type_2,color_2,x_2,y_2,x_vel_2,y_vel_2,angle_2,kind,id_1,type_1,color_1,x_1,y_1,x_vel_1,y_vel_1,angle_1,id_2,type_2,color_2,x_2,y_2,x_vel_2,y_vel_2,angle_2,kind,id_1,type_1,color_1,x_1,y_1,x_vel_1,y_vel_1,angle_1,id_2,type_2,color_2,x_2,y_2,x_vel_2,y_vel_2,angle_2,kind,id_1,type_1,color_1,x_1,y_1,x_vel_1,y_vel_1,angle_1,id_2,type_2,color_2,x_2,y_2,x_vel_2,y_vel_2,angle_2,kind,id_1,type_1,color_1,x_1,y_1,x_vel_1,y_vel_1,angle_1,id_2,type_2,color_2,x_2,y_2,x_vel_2,y_vel_2,angle_2,kind,id_1,type_1,color_1,x_1,y_1,x_vel_1,y_vel_1,angle_1,id_2,type_2,color_2,x_2,y_2,x_vel_2,y_vel_2,angle_2,kind,id_1,type_1,color_1,x_1,y_1,x_vel_1,y_vel_1,angle_1,id_2,type_2,color_2,x_2,y_2,x_vel_2,y_vel_2,angle_2,kind,id_1,type_1,color_1,x_1,y_1,x_vel_1,y_vel_1,angle_1,id_2,type_2,color_2,x_2,y_2,x_vel_2,y_vel_2,angle_2,kind,id_1,type_1,color_1,x_1,y_1,x_vel_1,y_vel_1,angle_1,id_2,type_2,color_2,x_2,y_2,x_vel_2,y_vel_2,angle_2,kind,id_1,type_1,color_1,x_1,y_1,x_vel_1,y_vel_1,angle_1,id_2,type_2,color_2,x_2,y_2,x_vel_2,y_vel_2,angle_2,kind,id_1,type_1,color_1,x_1,y_1,x_vel_1,y_vel_1,angle_1,id_2,type_2,color_2,x_2,y_2,x_vel_2,y_vel_2,angle_2,kind,id_1,type_1,color_1,x_1,y_1,x_vel_1,y_vel_1,angle_1,id_2,type_2,color_2,x_2,y_2,x_vel_2,y_vel_2,angle_2,kind,id_1,type_1,color_1,x_1,y_1,x_vel_1,y_vel_1,angle_1,id_2,type_2,color_2,x_2,y_2,x_vel_2,y_vel_2,angle_2,kind,id_1,type_1,color_1,x_1,y_1,x_vel_1,y_vel_1,angle_1,id_2,type_2,color_2,x_2,y_2,x_vel_2,y_vel_2,angle_2,kind,id_1,type_1,color_1,x_1,y_1,x_vel_1,y_vel_1,angle_1,id_2,type_2,color_2,x_2,y_2,x_vel_2,y_vel_2,angle_2,kind,id_1,type_1,color_1,x_1,y_1,x_vel_1,y_vel_1,angle_1,id_2,type_2,color_2,x_2,y_2,x_vel_2,y_vel_2,angle_2,kind,id_1,type_1,color_1,x_1,y_1,x_vel_1,y_vel_1,angle_1,id_2,type_2,color_2,x_2,y_2,x_vel_2,y_vel_2,angle_2,kind,id_1,type_1,color_1,x_1,y_1,x_vel_1,y_vel_1,angle_1,id_2,type_2,color_2,x_2,y_2,x_vel_2,y_vel_2,angle_2,kind,id_1,type_1,color_1,x_1,y_1,x_vel_1,y_vel_1,angle_1,id_2,type_2,color_2,x_2,y_2,x_vel_2,y_vel_2,angle_2,kind,id_1,type_1,color_1,x_1,y_1,x_vel_1,y_vel_1,angle_1,id_2,type_2,color_2,x_2,y_2,x_vel_2,y_vel_2,angle_2,kind,id_1,type_1,color_1,x_1,y_1,x_vel_1,y_vel_1,angle_1,id_2,type_2,color_2,x_2,y_2,x_vel_2,y_vel_2,angle_2,kind,id_1,type_1,color_1,x_1,y_1,x_vel_1,y_vel_1,angle_1,id_2,type_2,color_2,x_2,y_2,x_vel_2,y_vel_2,angle_2,kind,id_1,type_1,color_1,x_1,y_1,x_vel_1,y_vel_1,angle_1,id_2,type_2,color_2,x_2,y_2,x_vel_2,y_vel_2,angle_2,kind,id_1,type_1,color_1,x_1,y_1,x_vel_1,y_vel_1,angle_1,id_2,type_2,color_2,x_2,y_2,x_vel_2,y_vel_2,angle_2,kind,id_1,type_1,color_1,x_1,y_1,x_vel_1,y_vel_1,angle_1,id_2,type_2,color_2,x_2,y_2,x_vel_2,y_vel_2,angle_2,kind,id_1,type_1,color_1,x_1,y_1,x_vel_1,y_vel_1,angle_1,id_2,type_2,color_2,x_2,y_2,x_vel_2,y_vel_2,angle_2,kind,id_1,type_1,color_1,x_1,y_1,x_vel_1,y_vel_1,angle_1,id_2,type_2,color_2,x_2,y_2,x_vel_2,y_vel_2,angle_2,kind,id_1,type_1,color_1,x_1,y_1,x_vel_1,y_vel_1,angle_1,id_2,type_2,color_2,x_2,y_2,x_vel_2,y_vel_2,angle_2,kind,id_1,type_1,color_1,x_1,y_1,x_vel_1,y_vel_1,angle_1,id_2,type_2,color_2,x_2,y_2,x_vel_2,y_vel_2,angle_2,kind,id_1,type_1,color_1,x_1,y_1,x_vel_1,y_vel_1,angle_1,id_2,type_2,color_2,x_2,y_2,x_vel_2,y_vel_2,angle_2,kind,id_1,type_1,color_1,x_1,y_1,x_vel_1,y_vel_1,angle_1,id_2,type_2,color_2,x_2,y_2,x_vel_2,y_vel_2,angle_2,kind,id_1,type_1,color_1,x_1,y_1,x_vel_1,y_vel_1,angle_1,id_2,type_2,color_2,x_2,y_2,x_vel_2,y_vel_2,angle_2,kind,id_1,type_1,color_1,x_1,y_1,x_vel_1,y_vel_1,angle_1,id_2,type_2,color_2,x_2,y_2,x_vel_2,y_vel_2,angle_2,kind,id_1,type_1,color_1,x_1,y_1,x_vel_1,y_vel_1,angle_1,id_2,type_2,color_2,x_2,y_2,x_vel_2,y_vel_2,angle_2,kind,id_1,type_1,color_1,x_1,y_1,x_vel_1,y_vel_1,angle_1,id_2,type_2,color_2,x_2,y_2,x_vel_2,y_vel_2,angle_2,kind,id_1,type_1,color_1,x_1,y_1,x_vel_1,y_vel_1,angle_1,id_2,type_2,color_2,x_2,y_2,x_vel_2,y_vel_2,angle_2,kind,id_1,type_1,color_1,x_1,y_1,x_vel_1,y_vel_1,angle_1,id_2,type_2,color_2,x_2,y_2,x_vel_2,y_vel_2,angle_2,kind,id_1,type_1,color_1,x_1,y_1,x_vel_1,y_vel_1,angle_1,id_2,type_2,color_2,x_2,y_2,x_vel_2,y_vel_2,angle_2,kind,id_1,type_1,color_1,x_1,y_1,x_vel_1,y_vel_1,angle_1,id_2,type_2,color_2,x_2,y_2,x_vel_2,y_vel_2,angle_2,kind,id_1,type_1,color_1,x_1,y_1,x_vel_1,y_vel_1,angle_1,id_2,type_2,color_2,x_2,y_2,x_vel_2,y_vel_2,angle_2,kind,id_1,type_1,color_1,x_1,y_1,x_vel_1,y_vel_1,angle_1,id_2,type_2,color_2,x_2,y_2,x_vel_2,y_vel_2,angle_2,kind,id_1,type_1,color_1,x_1,y_1,x_vel_1,y_vel_1,angle_1,id_2,type_2,color_2,x_2,y_2,x_vel_2,y_vel_2,angle_2,kind,id_1,type_1,color_1,x_1,y_1,x_vel_1,y_vel_1,angle_1,id_2,type_2,color_2,x_2,y_2,x_vel_2,y_vel_2,angle_2,kind,id_1,type_1,color_1,x_1,y_1,x_vel_1,y_vel_1,angle_1,id_2,type_2,color_2,x_2,y_2,x_vel_2,y_vel_2,angle_2,kind,id_1,type_1,color_1,x_1,y_1,x_vel_1,y_vel_1,angle_1,id_2,type_2,color_2,x_2,y_2,x_vel_2,y_vel_2,angle_2,kind,id_1,type_1,color_1,x_1,y_1,x_vel_1,y_vel_1,angle_1,id_2,type_2,color_2,x_2,y_2,x_vel_2,y_vel_2,angle_2,kind,id_1,type_1,color_1,x_1,y_1,x_vel_1,y_vel_1,angle_1,id_2,type_2,color_2,x_2,y_2,x_vel_2,y_vel_2,angle_2,kind,id_1,type_1,color_1,x_1,y_1,x_vel_1,y_vel_1,angle_1,id_2,type_2,color_2,x_2,y_2,x_vel_2,y_vel_2,angle_2,kind,id_1,type_1,color_1,x_1,y_1,x_vel_1,y_vel_1,angle_1,id_2,type_2,color_2,x_2,y_2,x_vel_2,y_vel_2,angle_2,kind,id_1,type_1,color_1,x_1,y_1,x_vel_1,y_vel_1,angle_1,id_2,type_2,color_2,x_2,y_2,x_vel_2,y_vel_2,angle_2,kind,id_1,type_1,color_1,x_1,y_1,x_vel_1,y_vel_1,angle_1,id_2,type_2,color_2,x_2,y_2,x_vel_2,y_vel_2,angle_2,kind,id_1,type_1,color_1,x_1,y_1,x_vel_1,y_vel_1,angle_1,id_2,type_2,color_2,x_2,y_2,x_vel_2,y_vel_2,angle_2,kind,id_1,type_1,color_1,x_1,y_1,x_vel_1,y_vel_1,angle_1,id_2,type_2,color_2,x_2,y_2,x_vel_2,y_vel_2,angle_2,kind,id_1,type_1,color_1,x_1,y_1,x_vel_1,y_vel_1,angle_1,id_2,type_2,color_2,x_2,y_2,x_vel_2,y_vel_2,angle_2,kind,id_1,type_1,color_1,x_1,y_1,x_vel_1,y_vel_1,angle_1,id_2,type_2,color_2,x_2,y_2,x_vel_2,y_vel_2,angle_2,kind,id_1,type_1,color_1,x_1,y_1,x_vel_1,y_vel_1,angle_1,id_2,type_2,color_2,x_2,y_2,x_vel_2,y_vel_2,angle_2,kind,id_1,type_1,color_1,x_1,y_1,x_vel_1,y_vel_1,angle_1,id_2,type_2,color_2,x_2,y_2,x_vel_2,y_vel_2,angle_2,kind,id_1,type_1,color_1,x_1,y_1,x_vel_1,y_vel_1,angle_1,id_2,type_2,color_2,x_2,y_2,x_vel_2,y_vel_2,angle_2,kind,id_1,type_1,color_1,x_1,y_1,x_vel_1,y_vel_1,angle_1,id_2,type_2,color_2,x_2,y_2,x_vel_2,y_vel_2,angle_2,kind,id_1,type_1,color_1,x_1,y_1,x_vel_1,y_vel_1,angle_1,id_2,type_2,color_2,x_2,y_2,x_vel_2,y_vel_2,angle_2,kind,id_1,type_1,color_1,x_1,y_1,x_vel_1,y_vel_1,angle_1,id_2,type_2,color_2,x_2,y_2,x_vel_2,y_vel_2,angle_2,kind,id_1,type_1,color_1,x_1,y_1,x_vel_1,y_vel_1,angle_1,id_2,type_2,color_2,x_2,y_2,x_vel_2,y_vel_2,angle_2,kind,id_1,type_1,color_1,x_1,y_1,x_vel_1,y_vel_1,angle_1,id_2,type_2,color_2,x_2,y_2,x_vel_2,y_vel_2,angle_2,kind,id_1,type_1,color_1,x_1,y_1,x_vel_1,y_vel_1,angle_1,id_2,type_2,color_2,x_2,y_2,x_vel_2,y_vel_2,angle_2,kind,id_1,type_1,color_1,x_1,y_1,x_vel_1,y_vel_1,angle_1,id_2,type_2,color_2,x_2,y_2,x_vel_2,y_vel_2,angle_2,kind,id_1,type_1,color_1,x_1,y_1,x_vel_1,y_vel_1,angle_1,id_2,type_2,color_2,x_2,y_2,x_vel_2,y_vel_2,angle_2,kind,id_1,type_1,color_1,x_1,y_1,x_vel_1,y_vel_1,angle_1,id_2,type_2,color_2,x_2,y_2,x_vel_2,y_vel_2,angle_2,kind,id_1,type_1,color_1,x_1,y_1,x_vel_1,y_vel_1,angle_1,id_2,type_2,color_2,x_2,y_2,x_vel_2,y_vel_2,angle_2,kind,id_1,type_1,color_1,x_1,y_1,x_vel_1,y_vel_1,angle_1,id_2,type_2,color_2,x_2,y_2,x_vel_2,y_vel_2,angle_2,kind,id_1,type_1,color_1,x_1,y_1,x_vel_1,y_vel_1,angle_1,id_2,type_2,color_2,x_2,y_2,x_vel_2,y_vel_2,angle_2,kind,id_1,type_1,color_1,x_1,y_1,x_vel_1,y_vel_1,angle_1,id_2,type_2,color_2,x_2,y_2,x_vel_2,y_vel_2,angle_2,kind,id_1,type_1,color_1,x_1,y_1,x_vel_1,y_vel_1,angle_1,id_2,type_2,color_2,x_2,y_2,x_vel_2,y_vel_2,angle_2,kind,id_1,type_1,color_1,x_1,y_1,x_vel_1,y_vel_1,angle_1,id_2,type_2,color_2,x_2,y_2,x_vel_2,y_vel_2,angle_2,kind,id_1,type_1,color_1,x_1,y_1,x_vel_1,y_vel_1,angle_1,id_2,type_2,color_2,x_2,y_2,x_vel_2,y_vel_2,angle_2,kind,id_1,type_1,color_1,x_1,y_1,x_vel_1,y_vel_1,angle_1,id_2,type_2,color_2,x_2,y_2,x_vel_2,y_vel_2,angle_2,kind,id_1,type_1,color_1,x_1,y_1,x_vel_1,y_vel_1,angle_1,id_2,type_2,color_2,x_2,y_2,x_vel_2,y_vel_2,angle_2,kind,id_1,type_1,color_1,x_1,y_1,x_vel_1,y_vel_1,angle_1,id_2,type_2,color_2,x_2,y_2,x_vel_2,y_vel_2,angle_2,kind,id_1,type_1,color_1,x_1,y_1,x_vel_1,y_vel_1,angle_1,id_2,type_2,color_2,x_2,y_2,x_vel_2,y_vel_2,angle_2,kind,id_1,type_1,color_1,x_1,y_1,x_vel_1,y_vel_1,angle_1,id_2,type_2,color_2,x_2,y_2,x_vel_2,y_vel_2,angle_2,kind,id_1,type_1,color_1,x_1,y_1,x_vel_1,y_vel_1,angle_1,id_2,type_2,color_2,x_2,y_2,x_vel_2,y_vel_2,angle_2,kind,id_1,type_1,color_1,x_1,y_1,x_vel_1,y_vel_1,angle_1,id_2,type_2,color_2,x_2,y_2,x_vel_2,y_vel_2,angle_2,kind,id_1,type_1,color_1,x_1,y_1,x_vel_1,y_vel_1,angle_1,id_2,type_2,color_2,x_2,y_2,x_vel_2,y_vel_2,angle_2,kind,id_1,type_1,color_1,x_1,y_1,x_vel_1,y_vel_1,angle_1,id_2,type_2,color_2,x_2,y_2,x_vel_2,y_vel_2,angle_2,kind,id_1,type_1,color_1,x_1,y_1,x_vel_1,y_vel_1,angle_1,id_2,type_2,color_2,x_2,y_2,x_vel_2,y_vel_2,angle_2,kind,id_1,type_1,color_1,x_1,y_1,x_vel_1,y_vel_1,angle_1,id_2,type_2,color_2,x_2,y_2,x_vel_2,y_vel_2,angle_2,kind,id_1,type_1,color_1,x_1,y_1,x_vel_1,y_vel_1,angle_1,id_2,type_2,color_2,x_2,y_2,x_vel_2,y_vel_2,angle_2,kind,id_1,type_1,color_1,x_1,y_1,x_vel_1,y_vel_1,angle_1,id_2,type_2,color_2,x_2,y_2,x_vel_2,y_vel_2,angle_2,kind,id_1,type_1,color_1,x_1,y_1,x_vel_1,y_vel_1,angle_1,id_2,type_2,color_2,x_2,y_2,x_vel_2,y_vel_2,angle_2,kind,id_1,type_1,color_1,x_1,y_1,x_vel_1,y_vel_1,angle_1,id_2,type_2,color_2,x_2,y_2,x_vel_2,y_vel_2,angle_2,kind,id_1,type_1,color_1,x_1,y_1,x_vel_1,y_vel_1,angle_1,id_2,type_2,color_2,x_2,y_2,x_vel_2,y_vel_2,angle_2,kind,id_1,type_1,color_1,x_1,y_1,x_vel_1,y_vel_1,angle_1,id_2,type_2,color_2,x_2,y_2,x_vel_2,y_vel_2,angle_2,kind,id_1,type_1,color_1,x_1,y_1,x_vel_1,y_vel_1,angle_1,id_2,type_2,color_2,x_2,y_2,x_vel_2,y_vel_2,angle_2,kind,id_1,type_1,color_1,x_1,y_1,x_vel_1,y_vel_1,angle_1,id_2,type_2,color_2,x_2,y_2,x_vel_2,y_vel_2,angle_2,kind,id_1,type_1,color_1,x_1,y_1,x_vel_1,y_vel_1,angle_1,id_2,type_2,color_2,x_2,y_2,x_vel_2,y_vel_2,angle_2,kind,id_1,type_1,color_1,x_1,y_1,x_vel_1,y_vel_1,angle_1,id_2,type_2,color_2,x_2,y_2,x_vel_2,y_vel_2,angle_2,kind,id_1,type_1,color_1,x_1,y_1,x_vel_1,y_vel_1,angle_1,id_2,type_2,color_2,x_2,y_2,x_vel_2,y_vel_2,angle_2,kind,id_1,type_1,color_1,x_1,y_1,x_vel_1,y_vel_1,angle_1,id_2,type_2,color_2,x_2,y_2,x_vel_2,y_vel_2,angle_2,kind,id_1,type_1,color_1,x_1,y_1,x_vel_1,y_vel_1,angle_1,id_2,type_2,color_2,x_2,y_2,x_vel_2,y_vel_2,angle_2,kind,id_1,type_1,color_1,x_1,y_1,x_vel_1,y_vel_1,angle_1,id_2,type_2,color_2,x_2,y_2,x_vel_2,y_vel_2,angle_2,kind,id_1,type_1,color_1,x_1,y_1,x_vel_1,y_vel_1,angle_1,id_2,type_2,color_2,x_2,y_2,x_vel_2,y_vel_2,angle_2,kind,id_1,type_1,color_1,x_1,y_1,x_vel_1,y_vel_1,angle_1,id_2,type_2,color_2,x_2,y_2,x_vel_2,y_vel_2,angle_2,kind,id_1,type_1,color_1,x_1,y_1,x_vel_1,y_vel_1,angle_1,id_2,type_2,color_2,x_2,y_2,x_vel_2,y_vel_2,angle_2,kind,id_1,type_1,color_1,x_1,y_1,x_vel_1,y_vel_1,angle_1,id_2,type_2,color_2,x_2,y_2,x_vel_2,y_vel_2,angle_2,kind,id_1,type_1,color_1,x_1,y_1,x_vel_1,y_vel_1,angle_1,id_2,type_2,color_2,x_2,y_2,x_vel_2,y_vel_2,angle_2,kind,id_1,type_1,color_1,x_1,y_1,x_vel_1,y_vel_1,angle_1,id_2,type_2,color_2,x_2,y_2,x_vel_2,y_vel_2,angle_2,kind,id_1,type_1,color_1,x_1,y_1,x_vel_1,y_vel_1,angle_1,id_2,type_2,color_2,x_2,y_2,x_vel_2,y_vel_2,angle_2,kind,id_1,type_1,color_1,x_1,y_1,x_vel_1,y_vel_1,angle_1,id_2,type_2,color_2,x_2,y_2,x_vel_2,y_vel_2,angle_2,kind,id_1,type_1,color_1,x_1,y_1,x_vel_1,y_vel_1,angle_1,id_2,type_2,color_2,x_2,y_2,x_vel_2,y_vel_2,angle_2,kind,id_1,type_1,color_1,x_1,y_1,x_vel_1,y_vel_1,angle_1,id_2,type_2,color_2,x_2,y_2,x_vel_2,y_vel_2,angle_2,kind,id_1,type_1,color_1,x_1,y_1,x_vel_1,y_vel_1,angle_1,id_2,type_2,color_2,x_2,y_2,x_vel_2,y_vel_2,angle_2,kind,id_1,type_1,color_1,x_1,y_1,x_vel_1,y_vel_1,angle_1,id_2,type_2,color_2,x_2,y_2,x_vel_2,y_vel_2,angle_2,kind,id_1,type_1,color_1,x_1,y_1,x_vel_1,y_vel_1,angle_1,id_2,type_2,color_2,x_2,y_2,x_vel_2,y_vel_2,angle_2,kind,id_1,type_1,color_1,x_1,y_1,x_vel_1,y_vel_1,angle_1,id_2,type_2,color_2,x_2,y_2,x_vel_2,y_vel_2,angle_2,kind,id_1,type_1,color_1,x_1,y_1,x_vel_1,y_vel_1,angle_1,id_2,type_2,color_2,x_2,y_2,x_vel_2,y_vel_2,angle_2,kind,id_1,type_1,color_1,x_1,y_1,x_vel_1,y_vel_1,angle_1,id_2,type_2,color_2,x_2,y_2,x_vel_2,y_vel_2,angle_2,kind,id_1,type_1,color_1,x_1,y_1,x_vel_1,y_vel_1,angle_1,id_2,type_2,color_2,x_2,y_2,x_vel_2,y_vel_2,angle_2,kind,id_1,type_1,color_1,x_1,y_1,x_vel_1,y_vel_1,angle_1,id_2,type_2,color_2,x_2,y_2,x_vel_2,y_vel_2,angle_2,kind,id_1,type_1,color_1,x_1,y_1,x_vel_1,y_vel_1,angle_1,id_2,type_2,color_2,x_2,y_2,x_vel_2,y_vel_2,angle_2,kind,id_1,type_1,color_1,x_1,y_1,x_vel_1,y_vel_1,angle_1,id_2,type_2,color_2,x_2,y_2,x_vel_2,y_vel_2,angle_2,kind,id_1,type_1,color_1,x_1,y_1,x_vel_1,y_vel_1,angle_1,id_2,type_2,color_2,x_2,y_2,x_vel_2,y_vel_2,angle_2,kind,id_1,type_1,color_1,x_1,y_1,x_vel_1,y_vel_1,angle_1,id_2,type_2,color_2,x_2,y_2,x_vel_2,y_vel_2,angle_2,kind,id_1,type_1,color_1,x_1,y_1,x_vel_1,y_vel_1,angle_1,id_2,type_2,color_2,x_2,y_2,x_vel_2,y_vel_2,angle_2,kind,id_1,type_1,color_1,x_1,y_1,x_vel_1,y_vel_1,angle_1,id_2,type_2,color_2,x_2,y_2,x_vel_2,y_vel_2,angle_2,kind,id_1,type_1,color_1,x_1,y_1,x_vel_1,y_vel_1,angle_1,id_2,type_2,color_2,x_2,y_2,x_vel_2,y_vel_2,angle_2,kind,id_1,type_1,color_1,x_1,y_1,x_vel_1,y_vel_1,angle_1,id_2,type_2,color_2,x_2,y_2,x_vel_2,y_vel_2,angle_2,kind,id_1,type_1,color_1,x_1,y_1,x_vel_1,y_vel_1,angle_1,id_2,type_2,color_2,x_2,y_2,x_vel_2,y_vel_2,angle_2,kind,id_1,type_1,color_1,x_1,y_1,x_vel_1,y_vel_1,angle_1,id_2,type_2,color_2,x_2,y_2,x_vel_2,y_vel_2,angle_2,kind,id_1,type_1,color_1,x_1,y_1,x_vel_1,y_vel_1,angle_1,id_2,type_2,color_2,x_2,y_2,x_vel_2,y_vel_2,angle_2,kind,id_1,type_1,color_1,x_1,y_1,x_vel_1,y_vel_1,angle_1,id_2,type_2,color_2,x_2,y_2,x_vel_2,y_vel_2,angle_2,kind,id_1,type_1,color_1,x_1,y_1,x_vel_1,y_vel_1,angle_1,id_2,type_2,color_2,x_2,y_2,x_vel_2,y_vel_2,angle_2,kind,id_1,type_1,color_1,x_1,y_1,x_vel_1,y_vel_1,angle_1,id_2,type_2,color_2,x_2,y_2,x_vel_2,y_vel_2,angle_2,kind,id_1,type_1,color_1,x_1,y_1,x_vel_1,y_vel_1,angle_1,id_2,type_2,color_2,x_2,y_2,x_vel_2,y_vel_2,angle_2,kind,id_1,type_1,color_1,x_1,y_1,x_vel_1,y_vel_1,angle_1,id_2,type_2,color_2,x_2,y_2,x_vel_2,y_vel_2,angle_2,kind,id_1,type_1,color_1,x_1,y_1,x_vel_1,y_vel_1,angle_1,id_2,type_2,color_2,x_2,y_2,x_vel_2,y_vel_2,angle_2,kind,id_1,type_1,color_1,x_1,y_1,x_vel_1,y_vel_1,angle_1,id_2,type_2,color_2,x_2,y_2,x_vel_2,y_vel_2,angle_2,kind,id_1,type_1,color_1,x_1,y_1,x_vel_1,y_vel_1,angle_1,id_2,type_2,color_2,x_2,y_2,x_vel_2,y_vel_2,angle_2,kind,id_1,type_1,color_1,x_1,y_1,x_vel_1,y_vel_1,angle_1,id_2,type_2,color_2,x_2,y_2,x_vel_2,y_vel_2,angle_2,kind,id_1,type_1,color_1,x_1,y_1,x_vel_1,y_vel_1,angle_1,id_2,type_2,color_2,x_2,y_2,x_vel_2,y_vel_2,angle_2,kind,id_1,type_1,color_1,x_1,y_1,x_vel_1,y_vel_1,angle_1,id_2,type_2,color_2,x_2,y_2,x_vel_2,y_vel_2,angle_2,kind,id_1,type_1,color_1,x_1,y_1,x_vel_1,y_vel_1,angle_1,id_2,type_2,color_2,x_2,y_2,x_vel_2,y_vel_2,angle_2,kind,id_1,type_1,color_1,x_1,y_1,x_vel_1,y_vel_1,angle_1,id_2,type_2,color_2,x_2,y_2,x_vel_2,y_vel_2,angle_2,kind,id_1,type_1,color_1,x_1,y_1,x_vel_1,y_vel_1,angle_1,id_2,type_2,color_2,x_2,y_2,x_vel_2,y_vel_2,angle_2,kind,id_1,type_1,color_1,x_1,y_1,x_vel_1,y_vel_1,angle_1,id_2,type_2,color_2,x_2,y_2,x_vel_2,y_vel_2,angle_2,kind,id_1,type_1,color_1,x_1,y_1,x_vel_1,y_vel_1,angle_1,id_2,type_2,color_2,x_2,y_2,x_vel_2,y_vel_2,angle_2,kind,id_1,type_1,color_1,x_1,y_1,x_vel_1,y_vel_1,angle_1,id_2,type_2,color_2,x_2,y_2,x_vel_2,y_vel_2,angle_2,kind,id_1,type_1,color_1,x_1,y_1,x_vel_1,y_vel_1,angle_1,id_2,type_2,color_2,x_2,y_2,x_vel_2,y_vel_2,angle_2,kind,id_1,type_1,color_1,x_1,y_1,x_vel_1,y_vel_1,angle_1,id_2,type_2,color_2,x_2,y_2,x_vel_2,y_vel_2,angle_2,kind,id_1,type_1,color_1,x_1,y_1,x_vel_1,y_vel_1,angle_1,id_2,type_2,color_2,x_2,y_2,x_vel_2,y_vel_2,angle_2,kind,id_1,type_1,color_1,x_1,y_1,x_vel_1,y_vel_1,angle_1,id_2,type_2,color_2,x_2,y_2,x_vel_2,y_vel_2,angle_2,kind,id_1,type_1,color_1,x_1,y_1,x_vel_1,y_vel_1,angle_1,id_2,type_2,color_2,x_2,y_2,x_vel_2,y_vel_2,angle_2,kind,id_1,type_1,color_1,x_1,y_1,x_vel_1,y_vel_1,angle_1,id_2,type_2,color_2,x_2,y_2,x_vel_2,y_vel_2,angle_2,kind,id_1,type_1,color_1,x_1,y_1,x_vel_1,y_vel_1,angle_1,id_2,type_2,color_2,x_2,y_2,x_vel_2,y_vel_2,angle_2,kind,id_1,type_1,color_1,x_1,y_1,x_vel_1,y_vel_1,angle_1,id_2,type_2,color_2,x_2,y_2,x_vel_2,y_vel_2,angle_2,kind,id_1,type_1,color_1,x_1,y_1,x_vel_1,y_vel_1,angle_1,id_2,type_2,color_2,x_2,y_2,x_vel_2,y_vel_2,angle_2,kind,id_1,type_1,color_1,x_1,y_1,x_vel_1,y_vel_1,angle_1,id_2,type_2,color_2,x_2,y_2,x_vel_2,y_vel_2,angle_2,kind,id_1,type_1,color_1,x_1,y_1,x_vel_1,y_vel_1,angle_1,id_2,type_2,color_2,x_2,y_2,x_vel_2,y_vel_2,angle_2,kind,id_1,type_1,color_1,x_1,y_1,x_vel_1,y_vel_1,angle_1,id_2,type_2,color_2,x_2,y_2,x_vel_2,y_vel_2,angle_2,kind,id_1,type_1,color_1,x_1,y_1,x_vel_1,y_vel_1,angle_1,id_2,type_2,color_2,x_2,y_2,x_vel_2,y_vel_2,angle_2,kind,id_1,type_1,color_1,x_1,y_1,x_vel_1,y_vel_1,angle_1,id_2,type_2,color_2,x_2,y_2,x_vel_2,y_vel_2,angle_2,kind,id_1,type_1,color_1,x_1,y_1,x_vel_1,y_vel_1,angle_1,id_2,type_2,color_2,x_2,y_2,x_vel_2,y_vel_2,angle_2,kind,id_1,type_1,color_1,x_1,y_1,x_vel_1,y_vel_1,angle_1,id_2,type_2,color_2,x_2,y_2,x_vel_2,y_vel_2,angle_2,kind,id_1,type_1,color_1,x_1,y_1,x_vel_1,y_vel_1,angle_1,id_2,type_2,color_2,x_2,y_2,x_vel_2,y_vel_2,angle_2,kind,id_1,type_1,color_1,x_1,y_1,x_vel_1,y_vel_1,angle_1,id_2,type_2,color_2,x_2,y_2,x_vel_2,y_vel_2,angle_2,kind,id_1,type_1,color_1,x_1,y_1,x_vel_1,y_vel_1,angle_1,id_2,type_2,color_2,x_2,y_2,x_vel_2,y_vel_2,angle_2,kind,id_1,type_1,color_1,x_1,y_1,x_vel_1,y_vel_1,angle_1,id_2,type_2,color_2,x_2,y_2,x_vel_2,y_vel_2,angle_2,kind,id_1,type_1,color_1,x_1,y_1,x_vel_1,y_vel_1,angle_1,id_2,type_2,color_2,x_2,y_2,x_vel_2,y_vel_2,angle_2,kind,id_1,type_1,color_1,x_1,y_1,x_vel_1,y_vel_1,angle_1,id_2,type_2,color_2,x_2,y_2,x_vel_2,y_vel_2,angle_2,kind,id_1,type_1,color_1,x_1,y_1,x_vel_1,y_vel_1,angle_1,id_2,type_2,color_2,x_2,y_2,x_vel_2,y_vel_2,angle_2,kind,id_1,type_1,color_1,x_1,y_1,x_vel_1,y_vel_1,angle_1,id_2,type_2,color_2,x_2,y_2,x_vel_2,y_vel_2,angle_2,kind,id_1,type_1,color_1,x_1,y_1,x_vel_1,y_vel_1,angle_1,id_2,type_2,color_2,x_2,y_2,x_vel_2,y_vel_2,angle_2,kind,id_1,type_1,color_1,x_1,y_1,x_vel_1,y_vel_1,angle_1,id_2,type_2,color_2,x_2,y_2,x_vel_2,y_vel_2,angle_2,kind,id_1,type_1,color_1,x_1,y_1,x_vel_1,y_vel_1,angle_1,id_2,type_2,color_2,x_2,y_2,x_vel_2,y_vel_2,angle_2,kind,id_1,type_1,color_1,x_1,y_1,x_vel_1,y_vel_1,angle_1,id_2,type_2,color_2,x_2,y_2,x_vel_2,y_vel_2,angle_2,kind,id_1,type_1,color_1,x_1,y_1,x_vel_1,y_vel_1,angle_1,id_2,type_2,color_2,x_2,y_2,x_vel_2,y_vel_2,angle_2,kind,id_1,type_1,color_1,x_1,y_1,x_vel_1,y_vel_1,angle_1,id_2,type_2,color_2,x_2,y_2,x_vel_2,y_vel_2,angle_2,kind,id_1,type_1,color_1,x_1,y_1,x_vel_1,y_vel_1,angle_1,id_2,type_2,color_2,x_2,y_2,x_vel_2,y_vel_2,angle_2,kind,id_1,type_1,color_1,x_1,y_1,x_vel_1,y_vel_1,angle_1,id_2,type_2,color_2,x_2,y_2,x_vel_2,y_vel_2,angle_2,kind,id_1,type_1,color_1,x_1,y_1,x_vel_1,y_vel_1,angle_1,id_2,type_2,color_2,x_2,y_2,x_vel_2,y_vel_2,angle_2,kind,id_1,type_1,color_1,x_1,y_1,x_vel_1,y_vel_1,angle_1,id_2,type_2,color_2,x_2,y_2,x_vel_2,y_vel_2,angle_2,kind,id_1,type_1,color_1,x_1,y_1,x_vel_1,y_vel_1,angle_1,id_2,type_2,color_2,x_2,y_2,x_vel_2,y_vel_2,angle_2,kind,id_1,type_1,color_1,x_1,y_1,x_vel_1,y_vel_1,angle_1,id_2,type_2,color_2,x_2,y_2,x_vel_2,y_vel_2,angle_2,kind,id_1,type_1,color_1,x_1,y_1,x_vel_1,y_vel_1,angle_1,id_2,type_2,color_2,x_2,y_2,x_vel_2,y_vel_2,angle_2,kind,id_1,type_1,color_1,x_1,y_1,x_vel_1,y_vel_1,angle_1,id_2,type_2,color_2,x_2,y_2,x_vel_2,y_vel_2,angle_2,kind,id_1,type_1,color_1,x_1,y_1,x_vel_1,y_vel_1,angle_1,id_2,type_2,color_2,x_2,y_2,x_vel_2,y_vel_2,angle_2,kind,id_1,type_1,color_1,x_1,y_1,x_vel_1,y_vel_1,angle_1,id_2,type_2,color_2,x_2,y_2,x_vel_2,y_vel_2,angle_2,kind,id_1,type_1,color_1,x_1,y_1,x_vel_1,y_vel_1,angle_1,id_2,type_2,color_2,x_2,y_2,x_vel_2,y_vel_2,angle_2,kind,id_1,type_1,color_1,x_1,y_1,x_vel_1,y_vel_1,angle_1,id_2,type_2,color_2,x_2,y_2,x_vel_2,y_vel_2,angle_2,kind,id_1,type_1,color_1,x_1,y_1,x_vel_1,y_vel_1,angle_1,id_2,type_2,color_2,x_2,y_2,x_vel_2,y_vel_2,angle_2,kind,id_1,type_1,color_1,x_1,y_1,x_vel_1,y_vel_1,angle_1,id_2,type_2,color_2,x_2,y_2,x_vel_2,y_vel_2,angle_2,kind,id_1,type_1,color_1,x_1,y_1,x_vel_1,y_vel_1,angle_1,id_2,type_2,color_2,x_2,y_2,x_vel_2,y_vel_2,angle_2,kind,id_1,type_1,color_1,x_1,y_1,x_vel_1,y_vel_1,angle_1,id_2,type_2,color_2,x_2,y_2,x_vel_2,y_vel_2,angle_2,kind,id_1,type_1,color_1,x_1,y_1,x_vel_1,y_vel_1,angle_1,id_2,type_2,color_2,x_2,y_2,x_vel_2,y_vel_2,angle_2,kind,id_1,type_1,color_1,x_1,y_1,x_vel_1,y_vel_1,angle_1,id_2,type_2,color_2,x_2,y_2,x_vel_2,y_vel_2,angle_2,kind,id_1,type_1,color_1,x_1,y_1,x_vel_1,y_vel_1,angle_1,id_2,type_2,color_2,x_2,y_2,x_vel_2,y_vel_2,angle_2,kind,id_1,type_1,color_1,x_1,y_1,x_vel_1,y_vel_1,angle_1,id_2,type_2,color_2,x_2,y_2,x_vel_2,y_vel_2,angle_2,kind,id_1,type_1,color_1,x_1,y_1,x_vel_1,y_vel_1,angle_1,id_2,type_2,color_2,x_2,y_2,x_vel_2,y_vel_2,angle_2,kind,id_1,type_1,color_1,x_1,y_1,x_vel_1,y_vel_1,angle_1,id_2,type_2,color_2,x_2,y_2,x_vel_2,y_vel_2,angle_2,kind,id_1,type_1,color_1,x_1,y_1,x_vel_1,y_vel_1,angle_1,id_2,type_2,color_2,x_2,y_2,x_vel_2,y_vel_2,angle_2,kind,id_1,type_1,color_1,x_1,y_1,x_vel_1,y_vel_1,angle_1,id_2,type_2,color_2,x_2,y_2,x_vel_2,y_vel_2,angle_2,kind,id_1,type_1,color_1,x_1,y_1,x_vel_1,y_vel_1,angle_1,id_2,type_2,color_2,x_2,y_2,x_vel_2,y_vel_2,angle_2,kind,id_1,type_1,color_1,x_1,y_1,x_vel_1,y_vel_1,angle_1,id_2,type_2,color_2,x_2,y_2,x_vel_2,y_vel_2,angle_2,kind,id_1,type_1,color_1,x_1,y_1,x_vel_1,y_vel_1,angle_1,id_2,type_2,color_2,x_2,y_2,x_vel_2,y_vel_2,angle_2,kind,id_1,type_1,color_1,x_1,y_1,x_vel_1,y_vel_1,angle_1,id_2,type_2,color_2,x_2,y_2,x_vel_2,y_vel_2,angle_2,kind,id_1,type_1,color_1,x_1,y_1,x_vel_1,y_vel_1,angle_1,id_2,type_2,color_2,x_2,y_2,x_vel_2,y_vel_2,angle_2,kind,id_1,type_1,color_1,x_1,y_1,x_vel_1,y_vel_1,angle_1,id_2,type_2,color_2,x_2,y_2,x_vel_2,y_vel_2,angle_2,kind,id_1,type_1,color_1,x_1,y_1,x_vel_1,y_vel_1,angle_1,id_2,type_2,color_2,x_2,y_2,x_vel_2,y_vel_2,angle_2,kind,id_1,type_1,color_1,x_1,y_1,x_vel_1,y_vel_1,angle_1,id_2,type_2,color_2,x_2,y_2,x_vel_2,y_vel_2,angle_2,kind,id_1,type_1,color_1,x_1,y_1,x_vel_1,y_vel_1,angle_1,id_2,type_2,color_2,x_2,y_2,x_vel_2,y_vel_2,angle_2,kind,id_1,type_1,color_1,x_1,y_1,x_vel_1,y_vel_1,angle_1,id_2,type_2,color_2,x_2,y_2,x_vel_2,y_vel_2,angle_2,kind,id_1,type_1,color_1,x_1,y_1,x_vel_1,y_vel_1,angle_1,id_2,type_2,color_2,x_2,y_2,x_vel_2,y_vel_2,angle_2,kind,id_1,type_1,color_1,x_1,y_1,x_vel_1,y_vel_1,angle_1,id_2,type_2,color_2,x_2,y_2,x_vel_2,y_vel_2,angle_2,kind,id_1,type_1,color_1,x_1,y_1,x_vel_1,y_vel_1,angle_1,id_2,type_2,color_2,x_2,y_2,x_vel_2,y_vel_2,angle_2,kind,id_1,type_1,color_1,x_1,y_1,x_vel_1,y_vel_1,angle_1,id_2,type_2,color_2,x_2,y_2,x_vel_2,y_vel_2,angle_2,kind,id_1,type_1,color_1,x_1,y_1,x_vel_1,y_vel_1,angle_1,id_2,type_2,color_2,x_2,y_2,x_vel_2,y_vel_2,angle_2,kind,id_1,type_1,color_1,x_1,y_1,x_vel_1,y_vel_1,angle_1,id_2,type_2,color_2,x_2,y_2,x_vel_2,y_vel_2,angle_2,kind,id_1,type_1,color_1,x_1,y_1,x_vel_1,y_vel_1,angle_1,id_2,type_2,color_2,x_2,y_2,x_vel_2,y_vel_2,angle_2,kind,id_1,type_1,color_1,x_1,y_1,x_vel_1,y_vel_1,angle_1,id_2,type_2,color_2,x_2,y_2,x_vel_2,y_vel_2,angle_2,kind,id_1,type_1,color_1,x_1,y_1,x_vel_1,y_vel_1,angle_1,id_2,type_2,color_2,x_2,y_2,x_vel_2,y_vel_2,angle_2,kind,id_1,type_1,color_1,x_1,y_1,x_vel_1,y_vel_1,angle_1,id_2,type_2,color_2,x_2,y_2,x_vel_2,y_vel_2,angle_2,kind,id_1,type_1,color_1,x_1,y_1,x_vel_1,y_vel_1,angle_1,id_2,type_2,color_2,x_2,y_2,x_vel_2,y_vel_2,angle_2,kind,id_1,type_1,color_1,x_1,y_1,x_vel_1,y_vel_1,angle_1,id_2,type_2,color_2,x_2,y_2,x_vel_2,y_vel_2,angle_2,kind,id_1,type_1,color_1,x_1,y_1,x_vel_1,y_vel_1,angle_1,id_2,type_2,color_2,x_2,y_2,x_vel_2,y_vel_2,angle_2,kind,id_1,type_1,color_1,x_1,y_1,x_vel_1,y_vel_1,angle_1,id_2,type_2,color_2,x_2,y_2,x_vel_2,y_vel_2,angle_2,kind,id_1,type_1,color_1,x_1,y_1,x_vel_1,y_vel_1,angle_1,id_2,type_2,color_2,x_2,y_2,x_vel_2,y_vel_2,angle_2,kind,id_1,type_1,color_1,x_1,y_1,x_vel_1,y_vel_1,angle_1,id_2,type_2,color_2,x_2,y_2,x_vel_2,y_vel_2,angle_2,kind,id_1,type_1,color_1,x_1,y_1,x_vel_1,y_vel_1,angle_1,id_2,type_2,color_2,x_2,y_2,x_vel_2,y_vel_2,angle_2,kind,id_1,type_1,color_1,x_1,y_1,x_vel_1,y_vel_1,angle_1,id_2,type_2,color_2,x_2,y_2,x_vel_2,y_vel_2,angle_2,kind,id_1,type_1,color_1,x_1,y_1,x_vel_1,y_vel_1,angle_1,id_2,type_2,color_2,x_2,y_2,x_vel_2,y_vel_2,angle_2,kind,id_1,type_1,color_1,x_1,y_1,x_vel_1,y_vel_1,angle_1,id_2,type_2,color_2,x_2,y_2,x_vel_2,y_vel_2,angle_2,kind,id_1,type_1,color_1,x_1,y_1,x_vel_1,y_vel_1,angle_1,id_2,type_2,color_2,x_2,y_2,x_vel_2,y_vel_2,angle_2,kind,id_1,type_1,color_1,x_1,y_1,x_vel_1,y_vel_1,angle_1,id_2,type_2,color_2,x_2,y_2,x_vel_2,y_vel_2,angle_2,kind,id_1,type_1,color_1,x_1,y_1,x_vel_1,y_vel_1,angle_1,id_2,type_2,color_2,x_2,y_2,x_vel_2,y_vel_2,angle_2,kind,id_1,type_1,color_1,x_1,y_1,x_vel_1,y_vel_1,angle_1,id_2,type_2,color_2,x_2,y_2,x_vel_2,y_vel_2,angle_2,kind,id_1,type_1,color_1,x_1,y_1,x_vel_1,y_vel_1,angle_1,id_2,type_2,color_2,x_2,y_2,x_vel_2,y_vel_2,angle_2,kind,id_1,type_1,color_1,x_1,y_1,x_vel_1,y_vel_1,angle_1,id_2,type_2,color_2,x_2,y_2,x_vel_2,y_vel_2,angle_2,kind,id_1,type_1,color_1,x_1,y_1,x_vel_1,y_vel_1,angle_1,id_2,type_2,color_2,x_2,y_2,x_vel_2,y_vel_2,angle_2,kind,id_1,type_1,color_1,x_1,y_1,x_vel_1,y_vel_1,angle_1,id_2,type_2,color_2,x_2,y_2,x_vel_2,y_vel_2,angle_2,kind,id_1,type_1,color_1,x_1,y_1,x_vel_1,y_vel_1,angle_1,id_2,type_2,color_2,x_2,y_2,x_vel_2,y_vel_2,angle_2,kind,id_1,type_1,color_1,x_1,y_1,x_vel_1,y_vel_1,angle_1,id_2,type_2,color_2,x_2,y_2,x_vel_2,y_vel_2,angle_2,kind,id_1,type_1,color_1,x_1,y_1,x_vel_1,y_vel_1,angle_1,id_2,type_2,color_2,x_2,y_2,x_vel_2,y_vel_2,angle_2,kind,id_1,type_1,color_1,x_1,y_1,x_vel_1,y_vel_1,angle_1,id_2,type_2,color_2,x_2,y_2,x_vel_2,y_vel_2,angle_2,kind,id_1,type_1,color_1,x_1,y_1,x_vel_1,y_vel_1,angle_1,id_2,type_2,color_2,x_2,y_2,x_vel_2,y_vel_2,angle_2,kind,id_1,type_1,color_1,x_1,y_1,x_vel_1,y_vel_1,angle_1,id_2,type_2,color_2,x_2,y_2,x_vel_2,y_vel_2,angle_2,kind,id_1,type_1,color_1,x_1,y_1,x_vel_1,y_vel_1,angle_1,id_2,type_2,color_2,x_2,y_2,x_vel_2,y_vel_2,angle_2,kind,id_1,type_1,color_1,x_1,y_1,x_vel_1,y_vel_1,angle_1,id_2,type_2,color_2,x_2,y_2,x_vel_2,y_vel_2,angle_2,kind,id_1,type_1,color_1,x_1,y_1,x_vel_1,y_vel_1,angle_1,id_2,type_2,color_2,x_2,y_2,x_vel_2,y_vel_2,angle_2,kind,id_1,type_1,color_1,x_1,y_1,x_vel_1,y_vel_1,angle_1,id_2,type_2,color_2,x_2,y_2,x_vel_2,y_vel_2,angle_2,kind,id_1,type_1,color_1,x_1,y_1,x_vel_1,y_vel_1,angle_1,id_2,type_2,color_2,x_2,y_2,x_vel_2,y_vel_2,angle_2,kind,id_1,type_1,color_1,x_1,y_1,x_vel_1,y_vel_1,angle_1,id_2,type_2,color_2,x_2,y_2,x_vel_2,y_vel_2,angle_2,kind,id_1,type_1,color_1,x_1,y_1,x_vel_1,y_vel_1,angle_1,id_2,type_2,color_2,x_2,y_2,x_vel_2,y_vel_2,angle_2,kind,id_1,type_1,color_1,x_1,y_1,x_vel_1,y_vel_1,angle_1,id_2,type_2,color_2,x_2,y_2,x_vel_2,y_vel_2,angle_2,kind,id_1,type_1,color_1,x_1,y_1,x_vel_1,y_vel_1,angle_1,id_2,type_2,color_2,x_2,y_2,x_vel_2,y_vel_2,angle_2,kind,id_1,type_1,color_1,x_1,y_1,x_vel_1,y_vel_1,angle_1,id_2,type_2,color_2,x_2,y_2,x_vel_2,y_vel_2,angle_2,kind,id_1,type_1,color_1,x_1,y_1,x_vel_1,y_vel_1,angle_1,id_2,type_2,color_2,x_2,y_2,x_vel_2,y_vel_2,angle_2,kind,id_1,type_1,color_1,x_1,y_1,x_vel_1,y_vel_1,angle_1,id_2,type_2,color_2,x_2,y_2,x_vel_2,y_vel_2,angle_2,kind,id_1,type_1,color_1,x_1,y_1,x_vel_1,y_vel_1,angle_1,id_2,type_2,color_2,x_2,y_2,x_vel_2,y_vel_2,angle_2,kind,id_1,type_1,color_1,x_1,y_1,x_vel_1,y_vel_1,angle_1,id_2,type_2,color_2,x_2,y_2,x_vel_2,y_vel_2,angle_2,kind,id_1,type_1,color_1,x_1,y_1,x_vel_1,y_vel_1,angle_1,id_2,type_2,color_2,x_2,y_2,x_vel_2,y_vel_2,angle_2,kind,id_1,type_1,color_1,x_1,y_1,x_vel_1,y_vel_1,angle_1,id_2,type_2,color_2,x_2,y_2,x_vel_2,y_vel_2,angle_2,kind,id_1,type_1,color_1,x_1,y_1,x_vel_1,y_vel_1,angle_1,id_2,type_2,color_2,x_2,y_2,x_vel_2,y_vel_2,angle_2,kind,id_1,type_1,color_1,x_1,y_1,x_vel_1,y_vel_1,angle_1,id_2,type_2,color_2,x_2,y_2,x_vel_2,y_vel_2,angle_2,kind,id_1,type_1,color_1,x_1,y_1,x_vel_1,y_vel_1,angle_1,id_2,type_2,color_2,x_2,y_2,x_vel_2,y_vel_2,angle_2,kind,id_1,type_1,color_1,x_1,y_1,x_vel_1,y_vel_1,angle_1,id_2,type_2,color_2,x_2,y_2,x_vel_2,y_vel_2,angle_2,kind,id_1,type_1,color_1,x_1,y_1,x_vel_1,y_vel_1,angle_1,id_2,type_2,color_2,x_2,y_2,x_vel_2,y_vel_2,angle_2,kind,id_1,type_1,color_1,x_1,y_1,x_vel_1,y_vel_1,angle_1,id_2,type_2,color_2,x_2,y_2,x_vel_2,y_vel_2,angle_2,kind,id_1,type_1,color_1,x_1,y_1,x_vel_1,y_vel_1,angle_1,id_2,type_2,color_2,x_2,y_2,x_vel_2,y_vel_2,angle_2,kind,id_1,type_1,color_1,x_1,y_1,x_vel_1,y_vel_1,angle_1,id_2,type_2,color_2,x_2,y_2,x_vel_2,y_vel_2,angle_2,kind,id_1,type_1,color_1,x_1,y_1,x_vel_1,y_vel_1,angle_1,id_2,type_2,color_2,x_2,y_2,x_vel_2,y_vel_2,angle_2,kind,id_1,type_1,color_1,x_1,y_1,x_vel_1,y_vel_1,angle_1,id_2,type_2,color_2,x_2,y_2,x_vel_2,y_vel_2,angle_2,kind,id_1,type_1,color_1,x_1,y_1,x_vel_1,y_vel_1,angle_1,id_2,type_2,color_2,x_2,y_2,x_vel_2,y_vel_2,angle_2,kind,id_1,type_1,color_1,x_1,y_1,x_vel_1,y_vel_1,angle_1,id_2,type_2,color_2,x_2,y_2,x_vel_2,y_vel_2,angle_2,kind,id_1,type_1,color_1,x_1,y_1,x_vel_1,y_vel_1,angle_1,id_2,type_2,color_2,x_2,y_2,x_vel_2,y_vel_2,angle_2,kind,id_1,type_1,color_1,x_1,y_1,x_vel_1,y_vel_1,angle_1,id_2,type_2,color_2,x_2,y_2,x_vel_2,y_vel_2,angle_2,kind,id_1,type_1,color_1,x_1,y_1,x_vel_1,y_vel_1,angle_1,id_2,type_2,color_2,x_2,y_2,x_vel_2,y_vel_2,angle_2,kind,id_1,type_1,color_1,x_1,y_1,x_vel_1,y_vel_1,angle_1,id_2,type_2,color_2,x_2,y_2,x_vel_2,y_vel_2,angle_2,kind,id_1,type_1,color_1,x_1,y_1,x_vel_1,y_vel_1,angle_1,id_2,type_2,color_2,x_2,y_2,x_vel_2,y_vel_2,angle_2,kind,id_1,type_1,color_1,x_1,y_1,x_vel_1,y_vel_1,angle_1,id_2,type_2,color_2,x_2,y_2,x_vel_2,y_vel_2,angle_2,kind,id_1,type_1,color_1,x_1,y_1,x_vel_1,y_vel_1,angle_1,id_2,type_2,color_2,x_2,y_2,x_vel_2,y_vel_2,angle_2,kind,id_1,type_1,color_1,x_1,y_1,x_vel_1,y_vel_1,angle_1,id_2,type_2,color_2,x_2,y_2,x_vel_2,y_vel_2,angle_2,kind,id_1,type_1,color_1,x_1,y_1,x_vel_1,y_vel_1,angle_1,id_2,type_2,color_2,x_2,y_2,x_vel_2,y_vel_2,angle_2,kind,id_1,type_1,color_1,x_1,y_1,x_vel_1,y_vel_1,angle_1,id_2,type_2,color_2,x_2,y_2,x_vel_2,y_vel_2,angle_2,kind,id_1,type_1,color_1,x_1,y_1,x_vel_1,y_vel_1,angle_1,id_2,type_2,color_2,x_2,y_2,x_vel_2,y_vel_2,angle_2,kind,id_1,type_1,color_1,x_1,y_1,x_vel_1,y_vel_1,angle_1,id_2,type_2,color_2,x_2,y_2,x_vel_2,y_vel_2,angle_2,kind,id_1,type_1,color_1,x_1,y_1,x_vel_1,y_vel_1,angle_1,id_2,type_2,color_2,x_2,y_2,x_vel_2,y_vel_2,angle_2,kind,id_1,type_1,color_1,x_1,y_1,x_vel_1,y_vel_1,angle_1,id_2,type_2,color_2,x_2,y_2,x_vel_2,y_vel_2,angle_2,kind,id_1,type_1,color_1,x_1,y_1,x_vel_1,y_vel_1,angle_1,id_2,type_2,color_2,x_2,y_2,x_vel_2,y_vel_2,angle_2,kind,id_1,type_1,color_1,x_1,y_1,x_vel_1,y_vel_1,angle_1,id_2,type_2,color_2,x_2,y_2,x_vel_2,y_vel_2,angle_2,kind,id_1,type_1,color_1,x_1,y_1,x_vel_1,y_vel_1,angle_1,id_2,type_2,color_2,x_2,y_2,x_vel_2,y_vel_2,angle_2,kind,id_1,type_1,color_1,x_1,y_1,x_vel_1,y_vel_1,angle_1,id_2,type_2,color_2,x_2,y_2,x_vel_2,y_vel_2,angle_2,kind,id_1,type_1,color_1,x_1,y_1,x_vel_1,y_vel_1,angle_1,id_2,type_2,color_2,x_2,y_2,x_vel_2,y_vel_2,angle_2,kind,id_1,type_1,color_1,x_1,y_1,x_vel_1,y_vel_1,angle_1,id_2,type_2,color_2,x_2,y_2,x_vel_2,y_vel_2,angle_2,kind,id_1,type_1,color_1,x_1,y_1,x_vel_1,y_vel_1,angle_1,id_2,type_2,color_2,x_2,y_2,x_vel_2,y_vel_2,angle_2,kind,id_1,type_1,color_1,x_1,y_1,x_vel_1,y_vel_1,angle_1,id_2,type_2,color_2,x_2,y_2,x_vel_2,y_vel_2,angle_2,kind,id_1,type_1,color_1,x_1,y_1,x_vel_1,y_vel_1,angle_1,id_2,type_2,color_2,x_2,y_2,x_vel_2,y_vel_2,angle_2,kind,id_1,type_1,color_1,x_1,y_1,x_vel_1,y_vel_1,angle_1,id_2,type_2,color_2,x_2,y_2,x_vel_2,y_vel_2,angle_2,kind,id_1,type_1,color_1,x_1,y_1,x_vel_1,y_vel_1,angle_1,id_2,type_2,color_2,x_2,y_2,x_vel_2,y_vel_2,angle_2,kind,id_1,type_1,color_1,x_1,y_1,x_vel_1,y_vel_1,angle_1,id_2,type_2,color_2,x_2,y_2,x_vel_2,y_vel_2,angle_2,kind,id_1,type_1,color_1,x_1,y_1,x_vel_1,y_vel_1,angle_1,id_2,type_2,color_2,x_2,y_2,x_vel_2,y_vel_2,angle_2,kind,id_1,type_1,color_1,x_1,y_1,x_vel_1,y_vel_1,angle_1,id_2,type_2,color_2,x_2,y_2,x_vel_2,y_vel_2,angle_2,kind,id_1,type_1,color_1,x_1,y_1,x_vel_1,y_vel_1,angle_1,id_2,type_2,color_2,x_2,y_2,x_vel_2,y_vel_2,angle_2,kind,id_1,type_1,color_1,x_1,y_1,x_vel_1,y_vel_1,angle_1,id_2,type_2,color_2,x_2,y_2,x_vel_2,y_vel_2,angle_2,kind,id_1,type_1,color_1,x_1,y_1,x_vel_1,y_vel_1,angle_1,id_2,type_2,color_2,x_2,y_2,x_vel_2,y_vel_2,angle_2,kind,id_1,type_1,color_1,x_1,y_1,x_vel_1,y_vel_1,angle_1,id_2,type_2,color_2,x_2,y_2,x_vel_2,y_vel_2,angle_2,kind,id_1,type_1,color_1,x_1,y_1,x_vel_1,y_vel_1,angle_1,id_2,type_2,color_2,x_2,y_2,x_vel_2,y_vel_2,angle_2,kind,id_1,type_1,color_1,x_1,y_1,x_vel_1,y_vel_1,angle_1,id_2,type_2,color_2,x_2,y_2,x_vel_2,y_vel_2,angle_2,kind,id_1,type_1,color_1,x_1,y_1,x_vel_1,y_vel_1,angle_1,id_2,type_2,color_2,x_2,y_2,x_vel_2,y_vel_2,angle_2,kind,id_1,type_1,color_1,x_1,y_1,x_vel_1,y_vel_1,angle_1,id_2,type_2,color_2,x_2,y_2,x_vel_2,y_vel_2,angle_2,kind,id_1,type_1,color_1,x_1,y_1,x_vel_1,y_vel_1,angle_1,id_2,type_2,color_2,x_2,y_2,x_vel_2,y_vel_2,angle_2,kind,id_1,type_1,color_1,x_1,y_1,x_vel_1,y_vel_1,angle_1,id_2,type_2,color_2,x_2,y_2,x_vel_2,y_vel_2,angle_2,kind,id_1,type_1,color_1,x_1,y_1,x_vel_1,y_vel_1,angle_1,id_2,type_2,color_2,x_2,y_2,x_vel_2,y_vel_2,angle_2,kind,id_1,type_1,color_1,x_1,y_1,x_vel_1,y_vel_1,angle_1,id_2,type_2,color_2,x_2,y_2,x_vel_2,y_vel_2,angle_2,kind,id_1,type_1,color_1,x_1,y_1,x_vel_1,y_vel_1,angle_1,id_2,type_2,color_2,x_2,y_2,x_vel_2,y_vel_2,angle_2,kind,id_1,type_1,color_1,x_1,y_1,x_vel_1,y_vel_1,angle_1,id_2,type_2,color_2,x_2,y_2,x_vel_2,y_vel_2,angle_2,kind,id_1,type_1,color_1,x_1,y_1,x_vel_1,y_vel_1,angle_1,id_2,type_2,color_2,x_2,y_2,x_vel_2,y_vel_2,angle_2,kind,id_1,type_1,color_1,x_1,y_1,x_vel_1,y_vel_1,angle_1,id_2,type_2,color_2,x_2,y_2,x_vel_2,y_vel_2,angle_2,kind,id_1,type_1,color_1,x_1,y_1,x_vel_1,y_vel_1,angle_1,id_2,type_2,color_2,x_2,y_2,x_vel_2,y_vel_2,angle_2,kind,id_1,type_1,color_1,x_1,y_1,x_vel_1,y_vel_1,angle_1,id_2,type_2,color_2,x_2,y_2,x_vel_2,y_vel_2,angle_2,kind,id_1,type_1,color_1,x_1,y_1,x_vel_1,y_vel_1,angle_1,id_2,type_2,color_2,x_2,y_2,x_vel_2,y_vel_2,angle_2,kind,id_1,type_1,color_1,x_1,y_1,x_vel_1,y_vel_1,angle_1,id_2,type_2,color_2,x_2,y_2,x_vel_2,y_vel_2,angle_2,kind,id_1,type_1,color_1,x_1,y_1,x_vel_1,y_vel_1,angle_1,id_2,type_2,color_2,x_2,y_2,x_vel_2,y_vel_2,angle_2,kind,id_1,type_1,color_1,x_1,y_1,x_vel_1,y_vel_1,angle_1,id_2,type_2,color_2,x_2,y_2,x_vel_2,y_vel_2,angle_2,kind,id_1,type_1,color_1,x_1,y_1,x_vel_1,y_vel_1,angle_1,id_2,type_2,color_2,x_2,y_2,x_vel_2,y_vel_2,angle_2,kind,id_1,type_1,color_1,x_1,y_1,x_vel_1,y_vel_1,angle_1,id_2,type_2,color_2,x_2,y_2,x_vel_2,y_vel_2,angle_2,kind,id_1,type_1,color_1,x_1,y_1,x_vel_1,y_vel_1,angle_1,id_2,type_2,color_2,x_2,y_2,x_vel_2,y_vel_2,angle_2,kind,id_1,type_1,color_1,x_1,y_1,x_vel_1,y_vel_1,angle_1,id_2,type_2,color_2,x_2,y_2,x_vel_2,y_vel_2,angle_2,kind,id_1,type_1,color_1,x_1,y_1,x_vel_1,y_vel_1,angle_1,id_2,type_2,color_2,x_2,y_2,x_vel_2,y_vel_2,angle_2,kind,id_1,type_1,color_1,x_1,y_1,x_vel_1,y_vel_1,angle_1,id_2,type_2,color_2,x_2,y_2,x_vel_2,y_vel_2,angle_2,kind,id_1,type_1,color_1,x_1,y_1,x_vel_1,y_vel_1,angle_1,id_2,type_2,color_2,x_2,y_2,x_vel_2,y_vel_2,angle_2,kind,id_1,type_1,color_1,x_1,y_1,x_vel_1,y_vel_1,angle_1,id_2,type_2,color_2,x_2,y_2,x_vel_2,y_vel_2,angle_2,kind,id_1,type_1,color_1,x_1,y_1,x_vel_1,y_vel_1,angle_1,id_2,type_2,color_2,x_2,y_2,x_vel_2,y_vel_2,angle_2,kind,id_1,type_1,color_1,x_1,y_1,x_vel_1,y_vel_1,angle_1,id_2,type_2,color_2,x_2,y_2,x_vel_2,y_vel_2,angle_2,kind,id_1,type_1,color_1,x_1,y_1,x_vel_1,y_vel_1,angle_1,id_2,type_2,color_2,x_2,y_2,x_vel_2,y_vel_2,angle_2,kind,id_1,type_1,color_1,x_1,y_1,x_vel_1,y_vel_1,angle_1,id_2,type_2,color_2,x_2,y_2,x_vel_2,y_vel_2,angle_2,kind,id_1,type_1,color_1,x_1,y_1,x_vel_1,y_vel_1,angle_1,id_2,type_2,color_2,x_2,y_2,x_vel_2,y_vel_2,angle_2,kind,id_1,type_1,color_1,x_1,y_1,x_vel_1,y_vel_1,angle_1,id_2,type_2,color_2,x_2,y_2,x_vel_2,y_vel_2,angle_2,kind,id_1,type_1,color_1,x_1,y_1,x_vel_1,y_vel_1,angle_1,id_2,type_2,color_2,x_2,y_2,x_vel_2,y_vel_2,angle_2,kind,id_1,type_1,color_1,x_1,y_1,x_vel_1,y_vel_1,angle_1,id_2,type_2,color_2,x_2,y_2,x_vel_2,y_vel_2,angle_2,kind,id_1,type_1,color_1,x_1,y_1,x_vel_1,y_vel_1,angle_1,id_2,type_2,color_2,x_2,y_2,x_vel_2,y_vel_2,angle_2,kind,id_1,type_1,color_1,x_1,y_1,x_vel_1,y_vel_1,angle_1,id_2,type_2,color_2,x_2,y_2,x_vel_2,y_vel_2,angle_2,kind,id_1,type_1,color_1,x_1,y_1,x_vel_1,y_vel_1,angle_1,id_2,type_2,color_2,x_2,y_2,x_vel_2,y_vel_2,angle_2,kind,id_1,type_1,color_1,x_1,y_1,x_vel_1,y_vel_1,angle_1,id_2,type_2,color_2,x_2,y_2,x_vel_2,y_vel_2,angle_2,kind,id_1,type_1,color_1,x_1,y_1,x_vel_1,y_vel_1,angle_1,id_2,type_2,color_2,x_2,y_2,x_vel_2,y_vel_2,angle_2,kind,id_1,type_1,color_1,x_1,y_1,x_vel_1,y_vel_1,angle_1,id_2,type_2,color_2,x_2,y_2,x_vel_2,y_vel_2,angle_2,kind,id_1,type_1,color_1,x_1,y_1,x_vel_1,y_vel_1,angle_1,id_2,type_2,color_2,x_2,y_2,x_vel_2,y_vel_2,angle_2,kind,id_1,type_1,color_1,x_1,y_1,x_vel_1,y_vel_1,angle_1,id_2,type_2,color_2,x_2,y_2,x_vel_2,y_vel_2,angle_2,kind,id_1,type_1,color_1,x_1,y_1,x_vel_1,y_vel_1,angle_1,id_2,type_2,color_2,x_2,y_2,x_vel_2,y_vel_2,angle_2,kind,id_1,type_1,color_1,x_1,y_1,x_vel_1,y_vel_1,angle_1,id_2,type_2,color_2,x_2,y_2,x_vel_2,y_vel_2,angle_2,kind,id_1,type_1,color_1,x_1,y_1,x_vel_1,y_vel_1,angle_1,id_2,type_2,color_2,x_2,y_2,x_vel_2,y_vel_2,angle_2,kind,id_1,type_1,color_1,x_1,y_1,x_vel_1,y_vel_1,angle_1,id_2,type_2,color_2,x_2,y_2,x_vel_2,y_vel_2,angle_2,kind,id_1,type_1,color_1,x_1,y_1,x_vel_1,y_vel_1,angle_1,id_2,type_2,color_2,x_2,y_2,x_vel_2,y_vel_2,angle_2,kind,id_1,type_1,color_1,x_1,y_1,x_vel_1,y_vel_1,angle_1,id_2,type_2,color_2,x_2,y_2,x_vel_2,y_vel_2,angle_2,kind,id_1,type_1,color_1,x_1,y_1,x_vel_1,y_vel_1,angle_1,id_2,type_2,color_2,x_2,y_2,x_vel_2,y_vel_2,angle_2,kind,id_1,type_1,color_1,x_1,y_1,x_vel_1,y_vel_1,angle_1,id_2,type_2,color_2,x_2,y_2,x_vel_2,y_vel_2,angle_2,kind,id_1,type_1,color_1,x_1,y_1,x_vel_1,y_vel_1,angle_1,id_2,type_2,color_2,x_2,y_2,x_vel_2,y_vel_2,angle_2,kind,id_1,type_1,color_1,x_1,y_1,x_vel_1,y_vel_1,angle_1,id_2,type_2,color_2,x_2,y_2,x_vel_2,y_vel_2,angle_2,kind,id_1,type_1,color_1,x_1,y_1,x_vel_1,y_vel_1,angle_1,id_2,type_2,color_2,x_2,y_2,x_vel_2,y_vel_2,angle_2,kind,id_1,type_1,color_1,x_1,y_1,x_vel_1,y_vel_1,angle_1,id_2,type_2,color_2,x_2,y_2,x_vel_2,y_vel_2,angle_2,kind,id_1,type_1,color_1,x_1,y_1,x_vel_1,y_vel_1,angle_1,id_2,type_2,color_2,x_2,y_2,x_vel_2,y_vel_2,angle_2,kind,id_1,type_1,color_1,x_1,y_1,x_vel_1,y_vel_1,angle_1,id_2,type_2,color_2,x_2,y_2,x_vel_2,y_vel_2,angle_2,kind,id_1,type_1,color_1,x_1,y_1,x_vel_1,y_vel_1,angle_1,id_2,type_2,color_2,x_2,y_2,x_vel_2,y_vel_2,angle_2,kind,id_1,type_1,color_1,x_1,y_1,x_vel_1,y_vel_1,angle_1,id_2,type_2,color_2,x_2,y_2,x_vel_2,y_vel_2,angle_2,kind,id_1,type_1,color_1,x_1,y_1,x_vel_1,y_vel_1,angle_1,id_2,type_2,color_2,x_2,y_2,x_vel_2,y_vel_2,angle_2,kind,id_1,type_1,color_1,x_1,y_1,x_vel_1,y_vel_1,angle_1,id_2,type_2,color_2,x_2,y_2,x_vel_2,y_vel_2,angle_2,kind,id_1,type_1,color_1,x_1,y_1,x_vel_1,y_vel_1,angle_1,id_2,type_2,color_2,x_2,y_2,x_vel_2,y_vel_2,angle_2,kind,id_1,type_1,color_1,x_1,y_1,x_vel_1,y_vel_1,angle_1,id_2,type_2,color_2,x_2,y_2,x_vel_2,y_vel_2,angle_2,kind,id_1,type_1,color_1,x_1,y_1,x_vel_1,y_vel_1,angle_1,id_2,type_2,color_2,x_2,y_2,x_vel_2,y_vel_2,angle_2,kind,id_1,type_1,color_1,x_1,y_1,x_vel_1,y_vel_1,angle_1,id_2,type_2,color_2,x_2,y_2,x_vel_2,y_vel_2,angle_2,kind,id_1,type_1,color_1,x_1,y_1,x_vel_1,y_vel_1,angle_1,id_2,type_2,color_2,x_2,y_2,x_vel_2,y_vel_2,angle_2,kind,id_1,type_1,color_1,x_1,y_1,x_vel_1,y_vel_1,angle_1,id_2,type_2,color_2,x_2,y_2,x_vel_2,y_vel_2,angle_2,kind,id_1,type_1,color_1,x_1,y_1,x_vel_1,y_vel_1,angle_1,id_2,type_2,color_2,x_2,y_2,x_vel_2,y_vel_2,angle_2,kind,id_1,type_1,color_1,x_1,y_1,x_vel_1,y_vel_1,angle_1,id_2,type_2,color_2,x_2,y_2,x_vel_2,y_vel_2,angle_2,kind,id_1,type_1,color_1,x_1,y_1,x_vel_1,y_vel_1,angle_1,id_2,type_2,color_2,x_2,y_2,x_vel_2,y_vel_2,angle_2,kind,id_1,type_1,color_1,x_1,y_1,x_vel_1,y_vel_1,angle_1,id_2,type_2,color_2,x_2,y_2,x_vel_2,y_vel_2,angle_2,kind,id_1,type_1,color_1,x_1,y_1,x_vel_1,y_vel_1,angle_1,id_2,type_2,color_2,x_2,y_2,x_vel_2,y_vel_2,angle_2,kind,id_1,type_1,color_1,x_1,y_1,x_vel_1,y_vel_1,angle_1,id_2,type_2,color_2,x_2,y_2,x_vel_2,y_vel_2,angle_2,kind,id_1,type_1,color_1,x_1,y_1,x_vel_1,y_vel_1,angle_1,id_2,type_2,color_2,x_2,y_2,x_vel_2,y_vel_2,angle_2,kind,id_1,type_1,color_1,x_1,y_1,x_vel_1,y_vel_1,angle_1,id_2,type_2,color_2,x_2,y_2,x_vel_2,y_vel_2,angle_2,kind,id_1,type_1,color_1,x_1,y_1,x_vel_1,y_vel_1,angle_1,id_2,type_2,color_2,x_2,y_2,x_vel_2,y_vel_2,angle_2,kind,id_1,type_1,color_1,x_1,y_1,x_vel_1,y_vel_1,angle_1,id_2,type_2,color_2,x_2,y_2,x_vel_2,y_vel_2,angle_2,kind,id_1,type_1,color_1,x_1,y_1,x_vel_1,y_vel_1,angle_1,id_2,type_2,color_2,x_2,y_2,x_vel_2,y_vel_2,angle_2,kind,id_1,type_1,color_1,x_1,y_1,x_vel_1,y_vel_1,angle_1,id_2,type_2,color_2,x_2,y_2,x_vel_2,y_vel_2,angle_2,kind,id_1,type_1,color_1,x_1,y_1,x_vel_1,y_vel_1,angle_1,id_2,type_2,color_2,x_2,y_2,x_vel_2,y_vel_2,angle_2,kind,id_1,type_1,color_1,x_1,y_1,x_vel_1,y_vel_1,angle_1,id_2,type_2,color_2,x_2,y_2,x_vel_2,y_vel_2,angle_2,kind,id_1,type_1,color_1,x_1,y_1,x_vel_1,y_vel_1,angle_1,id_2,type_2,color_2,x_2,y_2,x_vel_2,y_vel_2,angle_2,kind,id_1,type_1,color_1,x_1,y_1,x_vel_1,y_vel_1,angle_1,id_2,type_2,color_2,x_2,y_2,x_vel_2,y_vel_2,angle_2,kind,id_1,type_1,color_1,x_1,y_1,x_vel_1,y_vel_1,angle_1,id_2,type_2,color_2,x_2,y_2,x_vel_2,y_vel_2,angle_2,kind,id_1,type_1,color_1,x_1,y_1,x_vel_1,y_vel_1,angle_1,id_2,type_2,color_2,x_2,y_2,x_vel_2,y_vel_2,angle_2,kind,id_1,type_1,color_1,x_1,y_1,x_vel_1,y_vel_1,angle_1,id_2,type_2,color_2,x_2,y_2,x_vel_2,y_vel_2,angle_2,kind,id_1,type_1,color_1,x_1,y_1,x_vel_1,y_vel_1,angle_1,id_2,type_2,color_2,x_2,y_2,x_vel_2,y_vel_2,angle_2,kind,id_1,type_1,color_1,x_1,y_1,x_vel_1,y_vel_1,angle_1,id_2,type_2,color_2,x_2,y_2,x_vel_2,y_vel_2,angle_2,kind,id_1,type_1,color_1,x_1,y_1,x_vel_1,y_vel_1,angle_1,id_2,type_2,color_2,x_2,y_2,x_vel_2,y_vel_2,angle_2,kind,id_1,type_1,color_1,x_1,y_1,x_vel_1,y_vel_1,angle_1,id_2,type_2,color_2,x_2,y_2,x_vel_2,y_vel_2,angle_2,kind,id_1,type_1,color_1,x_1,y_1,x_vel_1,y_vel_1,angle_1,id_2,type_2,color_2,x_2,y_2,x_vel_2,y_vel_2,angle_2,kind,id_1,type_1,color_1,x_1,y_1,x_vel_1,y_vel_1,angle_1,id_2,type_2,color_2,x_2,y_2,x_vel_2,y_vel_2,angle_2,kind,id_1,type_1,color_1,x_1,y_1,x_vel_1,y_vel_1,angle_1,id_2,type_2,color_2,x_2,y_2,x_vel_2,y_vel_2,angle_2,kind,id_1,type_1,color_1,x_1,y_1,x_vel_1,y_vel_1,angle_1,id_2,type_2,color_2,x_2,y_2,x_vel_2,y_vel_2,angle_2,kind,id_1,type_1,color_1,x_1,y_1,x_vel_1,y_vel_1,angle_1,id_2,type_2,color_2,x_2,y_2,x_vel_2,y_vel_2,angle_2,kind,id_1,type_1,color_1,x_1,y_1,x_vel_1,y_vel_1,angle_1,id_2,type_2,color_2,x_2,y_2,x_vel_2,y_vel_2,angle_2,kind,id_1,type_1,color_1,x_1,y_1,x_vel_1,y_vel_1,angle_1,id_2,type_2,color_2,x_2,y_2,x_vel_2,y_vel_2,angle_2,kind,id_1,type_1,color_1,x_1,y_1,x_vel_1,y_vel_1,angle_1,id_2,type_2,color_2,x_2,y_2,x_vel_2,y_vel_2,angle_2,kind,id_1,type_1,color_1,x_1,y_1,x_vel_1,y_vel_1,angle_1,id_2,type_2,color_2,x_2,y_2,x_vel_2,y_vel_2,angle_2,kind,id_1,type_1,color_1,x_1,y_1,x_vel_1,y_vel_1,angle_1,id_2,type_2,color_2,x_2,y_2,x_vel_2,y_vel_2,angle_2,kind,id_1,type_1,color_1,x_1,y_1,x_vel_1,y_vel_1,angle_1,id_2,type_2,color_2,x_2,y_2,x_vel_2,y_vel_2,angle_2,kind,id_1,type_1,color_1,x_1,y_1,x_vel_1,y_vel_1,angle_1,id_2,type_2,color_2,x_2,y_2,x_vel_2,y_vel_2,angle_2,kind,id_1,type_1,color_1,x_1,y_1,x_vel_1,y_vel_1,angle_1,id_2,type_2,color_2,x_2,y_2,x_vel_2,y_vel_2,angle_2,kind,id_1,type_1,color_1,x_1,y_1,x_vel_1,y_vel_1,angle_1,id_2,type_2,color_2,x_2,y_2,x_vel_2,y_vel_2,angle_2,kind,id_1,type_1,color_1,x_1,y_1,x_vel_1,y_vel_1,angle_1,id_2,type_2,color_2,x_2,y_2,x_vel_2,y_vel_2,angle_2,kind,id_1,type_1,color_1,x_1,y_1,x_vel_1,y_vel_1,angle_1,id_2,type_2,color_2,x_2,y_2,x_vel_2,y_vel_2,angle_2,kind,id_1,type_1,color_1,x_1,y_1,x_vel_1,y_vel_1,angle_1,id_2,type_2,color_2,x_2,y_2,x_vel_2,y_vel_2,angle_2,kind,id_1,type_1,color_1,x_1,y_1,x_vel_1,y_vel_1,angle_1,id_2,type_2,color_2,x_2,y_2,x_vel_2,y_vel_2,angle_2,kind,id_1,type_1,color_1,x_1,y_1,x_vel_1,y_vel_1,angle_1,id_2,type_2,color_2,x_2,y_2,x_vel_2,y_vel_2,angle_2,kind,id_1,type_1,color_1,x_1,y_1,x_vel_1,y_vel_1,angle_1,id_2,type_2,color_2,x_2,y_2,x_vel_2,y_vel_2,angle_2,kind,id_1,type_1,color_1,x_1,y_1,x_vel_1,y_vel_1,angle_1,id_2,type_2,color_2,x_2,y_2,x_vel_2,y_vel_2,angle_2,kind,id_1,type_1,color_1,x_1,y_1,x_vel_1,y_vel_1,angle_1,id_2,type_2,color_2,x_2,y_2,x_vel_2,y_vel_2,angle_2,kind,id_1,type_1,color_1,x_1,y_1,x_vel_1,y_vel_1,angle_1,id_2,type_2,color_2,x_2,y_2,x_vel_2,y_vel_2,angle_2,kind,id_1,type_1,color_1,x_1,y_1,x_vel_1,y_vel_1,angle_1,id_2,type_2,color_2,x_2,y_2,x_vel_2,y_vel_2,angle_2,kind,id_1,type_1,color_1,x_1,y_1,x_vel_1,y_vel_1,angle_1,id_2,type_2,color_2,x_2,y_2,x_vel_2,y_vel_2,angle_2,kind,id_1,type_1,color_1,x_1,y_1,x_vel_1,y_vel_1,angle_1,id_2,type_2,color_2,x_2,y_2,x_vel_2,y_vel_2,angle_2,kind,id_1,type_1,color_1,x_1,y_1,x_vel_1,y_vel_1,angle_1,id_2,type_2,color_2,x_2,y_2,x_vel_2,y_vel_2,angle_2,kind,id_1,type_1,color_1,x_1,y_1,x_vel_1,y_vel_1,angle_1,id_2,type_2,color_2,x_2,y_2,x_vel_2,y_vel_2,angle_2,kind,id_1,type_1,color_1,x_1,y_1,x_vel_1,y_vel_1,angle_1,id_2,type_2,color_2,x_2,y_2,x_vel_2,y_vel_2,angle_2,kind,id_1,type_1,color_1,x_1,y_1,x_vel_1,y_vel_1,angle_1,id_2,type_2,color_2,x_2,y_2,x_vel_2,y_vel_2,angle_2,kind,id_1,type_1,color_1,x_1,y_1,x_vel_1,y_vel_1,angle_1,id_2,type_2,color_2,x_2,y_2,x_vel_2,y_vel_2,angle_2,kind,id_1,type_1,color_1,x_1,y_1,x_vel_1,y_vel_1,angle_1,id_2,type_2,color_2,x_2,y_2,x_vel_2,y_vel_2,angle_2,kind,id_1,type_1,color_1,x_1,y_1,x_vel_1,y_vel_1,angle_1,id_2,type_2,color_2,x_2,y_2,x_vel_2,y_vel_2,angle_2,kind,id_1,type_1,color_1,x_1,y_1,x_vel_1,y_vel_1,angle_1,id_2,type_2,color_2,x_2,y_2,x_vel_2,y_vel_2,angle_2,kind,id_1,type_1,color_1,x_1,y_1,x_vel_1,y_vel_1,angle_1,id_2,type_2,color_2,x_2,y_2,x_vel_2,y_vel_2,angle_2,kind,id_1,type_1,color_1,x_1,y_1,x_vel_1,y_vel_1,angle_1,id_2,type_2,color_2,x_2,y_2,x_vel_2,y_vel_2,angle_2,kind,id_1,type_1,color_1,x_1,y_1,x_vel_1,y_vel_1,angle_1,id_2,type_2,color_2,x_2,y_2,x_vel_2,y_vel_2,angle_2,kind,id_1,type_1,color_1,x_1,y_1,x_vel_1,y_vel_1,angle_1,id_2,type_2,color_2,x_2,y_2,x_vel_2,y_vel_2,angle_2,kind,id_1,type_1,color_1,x_1,y_1,x_vel_1,y_vel_1,angle_1,id_2,type_2,color_2,x_2,y_2,x_vel_2,y_vel_2,angle_2,kind,id_1,type_1,color_1,x_1,y_1,x_vel_1,y_vel_1,angle_1,id_2,type_2,color_2,x_2,y_2,x_vel_2,y_vel_2,angle_2,kind,id_1,type_1,color_1,x_1,y_1,x_vel_1,y_vel_1,angle_1,id_2,type_2,color_2,x_2,y_2,x_vel_2,y_vel_2,angle_2,kind,id_1,type_1,color_1,x_1,y_1,x_vel_1,y_vel_1,angle_1,id_2,type_2,color_2,x_2,y_2,x_vel_2,y_vel_2,angle_2,kind,id_1,type_1,color_1,x_1,y_1,x_vel_1,y_vel_1,angle_1,id_2,type_2,color_2,x_2,y_2,x_vel_2,y_vel_2,angle_2,kind,id_1,type_1,color_1,x_1,y_1,x_vel_1,y_vel_1,angle_1,id_2,type_2,color_2,x_2,y_2,x_vel_2,y_vel_2,angle_2,kind,id_1,type_1,color_1,x_1,y_1,x_vel_1,y_vel_1,angle_1,id_2,type_2,color_2,x_2,y_2,x_vel_2,y_vel_2,angle_2,kind,id_1,type_1,color_1,x_1,y_1,x_vel_1,y_vel_1,angle_1,id_2,type_2,color_2,x_2,y_2,x_vel_2,y_vel_2,angle_2,kind,id_1,type_1,color_1,x_1,y_1,x_vel_1,y_vel_1,angle_1,id_2,type_2,color_2,x_2,y_2,x_vel_2,y_vel_2,angle_2,kind,id_1,type_1,color_1,x_1,y_1,x_vel_1,y_vel_1,angle_1,id_2,type_2,color_2,x_2,y_2,x_vel_2,y_vel_2,angle_2,kind,id_1,type_1,color_1,x_1,y_1,x_vel_1,y_vel_1,angle_1,id_2,type_2,color_2,x_2,y_2,x_vel_2,y_vel_2,angle_2,kind,id_1,type_1,color_1,x_1,y_1,x_vel_1,y_vel_1,angle_1,id_2,type_2,color_2,x_2,y_2,x_vel_2,y_vel_2,angle_2,kind,id_1,type_1,color_1,x_1,y_1,x_vel_1,y_vel_1,angle_1,id_2,type_2,color_2,x_2,y_2,x_vel_2,y_vel_2,angle_2,kind,id_1,type_1,color_1,x_1,y_1,x_vel_1,y_vel_1,angle_1,id_2,type_2,color_2,x_2,y_2,x_vel_2,y_vel_2,angle_2,kind,id_1,type_1,color_1,x_1,y_1,x_vel_1,y_vel_1,angle_1,id_2,type_2,color_2,x_2,y_2,x_vel_2,y_vel_2,angle_2,kind,id_1,type_1,color_1,x_1,y_1,x_vel_1,y_vel_1,angle_1,id_2,type_2,color_2,x_2,y_2,x_vel_2,y_vel_2,angle_2,kind,id_1,type_1,color_1,x_1,y_1,x_vel_1,y_vel_1,angle_1,id_2,type_2,color_2,x_2,y_2,x_vel_2,y_vel_2,angle_2,kind,id_1,type_1,color_1,x_1,y_1,x_vel_1,y_vel_1,angle_1,id_2,type_2,color_2,x_2,y_2,x_vel_2,y_vel_2,angle_2,kind,id_1,type_1,color_1,x_1,y_1,x_vel_1,y_vel_1,angle_1,id_2,type_2,color_2,x_2,y_2,x_vel_2,y_vel_2,angle_2,kind,id_1,type_1,color_1,x_1,y_1,x_vel_1,y_vel_1,angle_1,id_2,type_2,color_2,x_2,y_2,x_vel_2,y_vel_2,angle_2,kind,id_1,type_1,color_1,x_1,y_1,x_vel_1,y_vel_1,angle_1,id_2,type_2,color_2,x_2,y_2,x_vel_2,y_vel_2,angle_2,kind,id_1,type_1,color_1,x_1,y_1,x_vel_1,y_vel_1,angle_1,id_2,type_2,color_2,x_2,y_2,x_vel_2,y_vel_2,angle_2,kind,id_1,type_1,color_1,x_1,y_1,x_vel_1,y_vel_1,angle_1,id_2,type_2,color_2,x_2,y_2,x_vel_2,y_vel_2,angle_2,kind,id_1,type_1,color_1,x_1,y_1,x_vel_1,y_vel_1,angle_1,id_2,type_2,color_2,x_2,y_2,x_vel_2,y_vel_2,angle_2,kind,id_1,type_1,color_1,x_1,y_1,x_vel_1,y_vel_1,angle_1,id_2,type_2,color_2,x_2,y_2,x_vel_2,y_vel_2,angle_2,kind,id_1,type_1,color_1,x_1,y_1,x_vel_1,y_vel_1,angle_1,id_2,type_2,color_2,x_2,y_2,x_vel_2,y_vel_2,angle_2,kind,id_1,type_1,color_1,x_1,y_1,x_vel_1,y_vel_1,angle_1,id_2,type_2,color_2,x_2,y_2,x_vel_2,y_vel_2,angle_2,kind,id_1,type_1,color_1,x_1,y_1,x_vel_1,y_vel_1,angle_1,id_2,type_2,color_2,x_2,y_2,x_vel_2,y_vel_2,angle_2,kind,id_1,type_1,color_1,x_1,y_1,x_vel_1,y_vel_1,angle_1,id_2,type_2,color_2,x_2,y_2,x_vel_2,y_vel_2,angle_2,kind,id_1,type_1,color_1,x_1,y_1,x_vel_1,y_vel_1,angle_1,id_2,type_2,color_2,x_2,y_2,x_vel_2,y_vel_2,angle_2,kind,id_1,type_1,color_1,x_1,y_1,x_vel_1,y_vel_1,angle_1,id_2,type_2,color_2,x_2,y_2,x_vel_2,y_vel_2,angle_2,kind,id_1,type_1,color_1,x_1,y_1,x_vel_1,y_vel_1,angle_1,id_2,type_2,color_2,x_2,y_2,x_vel_2,y_vel_2,angle_2,kind,id_1,type_1,color_1,x_1,y_1,x_vel_1,y_vel_1,angle_1,id_2,type_2,color_2,x_2,y_2,x_vel_2,y_vel_2,angle_2,kind,id_1,type_1,color_1,x_1,y_1,x_vel_1,y_vel_1,angle_1,id_2,type_2,color_2,x_2,y_2,x_vel_2,y_vel_2,angle_2,kind,id_1,type_1,color_1,x_1,y_1,x_vel_1,y_vel_1,angle_1,id_2,type_2,color_2,x_2,y_2,x_vel_2,y_vel_2,angle_2,kind,id_1,type_1,color_1,x_1,y_1,x_vel_1,y_vel_1,angle_1,id_2,type_2,color_2,x_2,y_2,x_vel_2,y_vel_2,angle_2,kind,id_1,type_1,color_1,x_1,y_1,x_vel_1,y_vel_1,angle_1,id_2,type_2,color_2,x_2,y_2,x_vel_2,y_vel_2,angle_2,kind,id_1,type_1,color_1,x_1,y_1,x_vel_1,y_vel_1,angle_1,id_2,type_2,color_2,x_2,y_2,x_vel_2,y_vel_2,angle_2,kind,id_1,type_1,color_1,x_1,y_1,x_vel_1,y_vel_1,angle_1,id_2,type_2,color_2,x_2,y_2,x_vel_2,y_vel_2,angle_2,kind,id_1,type_1,color_1,x_1,y_1,x_vel_1,y_vel_1,angle_1,id_2,type_2,color_2,x_2,y_2,x_vel_2,y_vel_2,angle_2,kind,id_1,type_1,color_1,x_1,y_1,x_vel_1,y_vel_1,angle_1,id_2,type_2,color_2,x_2,y_2,x_vel_2,y_vel_2,angle_2,kind,id_1,type_1,color_1,x_1,y_1,x_vel_1,y_vel_1,angle_1,id_2,type_2,color_2,x_2,y_2,x_vel_2,y_vel_2,angle_2,kind,id_1,type_1,color_1,x_1,y_1,x_vel_1,y_vel_1,angle_1,id_2,type_2,color_2,x_2,y_2,x_vel_2,y_vel_2,angle_2,kind,id_1,type_1,color_1,x_1,y_1,x_vel_1,y_vel_1,angle_1,id_2,type_2,color_2,x_2,y_2,x_vel_2,y_vel_2,angle_2,kind,id_1,type_1,color_1,x_1,y_1,x_vel_1,y_vel_1,angle_1,id_2,type_2,color_2,x_2,y_2,x_vel_2,y_vel_2,angle_2,kind,id_1,type_1,color_1,x_1,y_1,x_vel_1,y_vel_1,angle_1,id_2,type_2,color_2,x_2,y_2,x_vel_2,y_vel_2,angle_2,kind,id_1,type_1,color_1,x_1,y_1,x_vel_1,y_vel_1,angle_1,id_2,type_2,color_2,x_2,y_2,x_vel_2,y_vel_2,angle_2,kind,id_1,type_1,color_1,x_1,y_1,x_vel_1,y_vel_1,angle_1,id_2,type_2,color_2,x_2,y_2,x_vel_2,y_vel_2,angle_2,kind,id_1,type_1,color_1,x_1,y_1,x_vel_1,y_vel_1,angle_1,id_2,type_2,color_2,x_2,y_2,x_vel_2,y_vel_2,angle_2,kind,id_1,type_1,color_1,x_1,y_1,x_vel_1,y_vel_1,angle_1,id_2,type_2,color_2,x_2,y_2,x_vel_2,y_vel_2,angle_2,kind,id_1,type_1,color_1,x_1,y_1,x_vel_1,y_vel_1,angle_1,id_2,type_2,color_2,x_2,y_2,x_vel_2,y_vel_2,angle_2,kind,id_1,type_1,color_1,x_1,y_1,x_vel_1,y_vel_1,angle_1,id_2,type_2,color_2,x_2,y_2,x_vel_2,y_vel_2,angle_2,kind,id_1,type_1,color_1,x_1,y_1,x_vel_1,y_vel_1,angle_1,id_2,type_2,color_2,x_2,y_2,x_vel_2,y_vel_2,angle_2,kind,id_1,type_1,color_1,x_1,y_1,x_vel_1,y_vel_1,angle_1,id_2,type_2,color_2,x_2,y_2,x_vel_2,y_vel_2,angle_2,kind,id_1,type_1,color_1,x_1,y_1,x_vel_1,y_vel_1,angle_1,id_2,type_2,color_2,x_2,y_2,x_vel_2,y_vel_2,angle_2,kind,id_1,type_1,color_1,x_1,y_1,x_vel_1,y_vel_1,angle_1,id_2,type_2,color_2,x_2,y_2,x_vel_2,y_vel_2,angle_2,kind,id_1,type_1,color_1,x_1,y_1,x_vel_1,y_vel_1,angle_1,id_2,type_2,color_2,x_2,y_2,x_vel_2,y_vel_2,angle_2,kind,id_1,type_1,color_1,x_1,y_1,x_vel_1,y_vel_1,angle_1,id_2,type_2,color_2,x_2,y_2,x_vel_2,y_vel_2,angle_2,kind,id_1,type_1,color_1,x_1,y_1,x_vel_1,y_vel_1,angle_1,id_2,type_2,color_2,x_2,y_2,x_vel_2,y_vel_2,angle_2,kind,id_1,type_1,color_1,x_1,y_1,x_vel_1,y_vel_1,angle_1,id_2,type_2,color_2,x_2,y_2,x_vel_2,y_vel_2,angle_2,kind,id_1,type_1,color_1,x_1,y_1,x_vel_1,y_vel_1,angle_1,id_2,type_2,color_2,x_2,y_2,x_vel_2,y_vel_2,angle_2,kind,id_1,type_1,color_1,x_1,y_1,x_vel_1,y_vel_1,angle_1,id_2,type_2,color_2,x_2,y_2,x_vel_2,y_vel_2,angle_2,kind,id_1,type_1,color_1,x_1,y_1,x_vel_1,y_vel_1,angle_1,id_2,type_2,color_2,x_2,y_2,x_vel_2,y_vel_2,angle_2,kind,id_1,type_1,color_1,x_1,y_1,x_vel_1,y_vel_1,angle_1,id_2,type_2,color_2,x_2,y_2,x_vel_2,y_vel_2,angle_2,kind,id_1,type_1,color_1,x_1,y_1,x_vel_1,y_vel_1,angle_1,id_2,type_2,color_2,x_2,y_2,x_vel_2,y_vel_2,angle_2,kind,id_1,type_1,color_1,x_1,y_1,x_vel_1,y_vel_1,angle_1,id_2,type_2,color_2,x_2,y_2,x_vel_2,y_vel_2,angle_2,kind,id_1,type_1,color_1,x_1,y_1,x_vel_1,y_vel_1,angle_1,id_2,type_2,color_2,x_2,y_2,x_vel_2,y_vel_2,angle_2,kind,id_1,type_1,color_1,x_1,y_1,x_vel_1,y_vel_1,angle_1,id_2,type_2,color_2,x_2,y_2,x_vel_2,y_vel_2,angle_2,kind,id_1,type_1,color_1,x_1,y_1,x_vel_1,y_vel_1,angle_1,id_2,type_2,color_2,x_2,y_2,x_vel_2,y_vel_2,angle_2,kind,id_1,type_1,color_1,x_1,y_1,x_vel_1,y_vel_1,angle_1,id_2,type_2,color_2,x_2,y_2,x_vel_2,y_vel_2,angle_2,kind,id_1,type_1,color_1,x_1,y_1,x_vel_1,y_vel_1,angle_1,id_2,type_2,color_2,x_2,y_2,x_vel_2,y_vel_2,angle_2,kind,id_1,type_1,color_1,x_1,y_1,x_vel_1,y_vel_1,angle_1,id_2,type_2,color_2,x_2,y_2,x_vel_2,y_vel_2,angle_2,kind,id_1,type_1,color_1,x_1,y_1,x_vel_1,y_vel_1,angle_1,id_2,type_2,color_2,x_2,y_2,x_vel_2,y_vel_2,angle_2,kind,id_1,type_1,color_1,x_1,y_1,x_vel_1,y_vel_1,angle_1,id_2,type_2,color_2,x_2,y_2,x_vel_2,y_vel_2,angle_2,kind,id_1,type_1,color_1,x_1,y_1,x_vel_1,y_vel_1,angle_1,id_2,type_2,color_2,x_2,y_2,x_vel_2,y_vel_2,angle_2,kind,id_1,type_1,color_1,x_1,y_1,x_vel_1,y_vel_1,angle_1,id_2,type_2,color_2,x_2,y_2,x_vel_2,y_vel_2,angle_2,kind,id_1,type_1,color_1,x_1,y_1,x_vel_1,y_vel_1,angle_1,id_2,type_2,color_2,x_2,y_2,x_vel_2,y_vel_2,angle_2,kind,id_1,type_1,color_1,x_1,y_1,x_vel_1,y_vel_1,angle_1,id_2,type_2,color_2,x_2,y_2,x_vel_2,y_vel_2,angle_2,kind,id_1,type_1,color_1,x_1,y_1,x_vel_1,y_vel_1,angle_1,id_2,type_2,color_2,x_2,y_2,x_vel_2,y_vel_2,angle_2,kind,id_1,type_1,color_1,x_1,y_1,x_vel_1,y_vel_1,angle_1,id_2,type_2,color_2,x_2,y_2,x_vel_2,y_vel_2,angle_2,kind,id_1,type_1,color_1,x_1,y_1,x_vel_1,y_vel_1,angle_1,id_2,type_2,color_2,x_2,y_2,x_vel_2,y_vel_2,angle_2,kind,id_1,type_1,color_1,x_1,y_1,x_vel_1,y_vel_1,angle_1,id_2,type_2,color_2,x_2,y_2,x_vel_2,y_vel_2,angle_2,kind,id_1,type_1,color_1,x_1,y_1,x_vel_1,y_vel_1,angle_1,id_2,type_2,color_2,x_2,y_2,x_vel_2,y_vel_2,angle_2,kind,id_1,type_1,color_1,x_1,y_1,x_vel_1,y_vel_1,angle_1,id_2,type_2,color_2,x_2,y_2,x_vel_2,y_vel_2,angle_2,kind,id_1,type_1,color_1,x_1,y_1,x_vel_1,y_vel_1,angle_1,id_2,type_2,color_2,x_2,y_2,x_vel_2,y_vel_2,angle_2,kind,id_1,type_1,color_1,x_1,y_1,x_vel_1,y_vel_1,angle_1,id_2,type_2,color_2,x_2,y_2,x_vel_2,y_vel_2,angle_2,kind,id_1,type_1,color_1,x_1,y_1,x_vel_1,y_vel_1,angle_1,id_2,type_2,color_2,x_2,y_2,x_vel_2,y_vel_2,angle_2,kind,id_1,type_1,color_1,x_1,y_1,x_vel_1,y_vel_1,angle_1,id_2,type_2,color_2,x_2,y_2,x_vel_2,y_vel_2,angle_2,kind,id_1,type_1,color_1,x_1,y_1,x_vel_1,y_vel_1,angle_1,id_2,type_2,color_2,x_2,y_2,x_vel_2,y_vel_2,angle_2,kind,id_1,type_1,color_1,x_1,y_1,x_vel_1,y_vel_1,angle_1,id_2,type_2,color_2,x_2,y_2,x_vel_2,y_vel_2,angle_2,kind,id_1,type_1,color_1,x_1,y_1,x_vel_1,y_vel_1,angle_1,id_2,type_2,color_2,x_2,y_2,x_vel_2,y_vel_2,angle_2,kind,id_1,type_1,color_1,x_1,y_1,x_vel_1,y_vel_1,angle_1,id_2,type_2,color_2,x_2,y_2,x_vel_2,y_vel_2,angle_2,kind,id_1,type_1,color_1,x_1,y_1,x_vel_1,y_vel_1,angle_1,id_2,type_2,color_2,x_2,y_2,x_vel_2,y_vel_2,angle_2,kind,id_1,type_1,color_1,x_1,y_1,x_vel_1,y_vel_1,angle_1,id_2,type_2,color_2,x_2,y_2,x_vel_2,y_vel_2,angle_2,kind,id_1,type_1,color_1,x_1,y_1,x_vel_1,y_vel_1,angle_1,id_2,type_2,color_2,x_2,y_2,x_vel_2,y_vel_2,angle_2,kind,id_1,type_1,color_1,x_1,y_1,x_vel_1,y_vel_1,angle_1,id_2,type_2,color_2,x_2,y_2,x_vel_2,y_vel_2,angle_2,kind,id_1,type_1,color_1,x_1,y_1,x_vel_1,y_vel_1,angle_1,id_2,type_2,color_2,x_2,y_2,x_vel_2,y_vel_2,angle_2,kind,id_1,type_1,color_1,x_1,y_1,x_vel_1,y_vel_1,angle_1,id_2,type_2,color_2,x_2,y_2,x_vel_2,y_vel_2,angle_2,kind,id_1,type_1,color_1,x_1,y_1,x_vel_1,y_vel_1,angle_1,id_2,type_2,color_2,x_2,y_2,x_vel_2,y_vel_2,angle_2,kind,id_1,type_1,color_1,x_1,y_1,x_vel_1,y_vel_1,angle_1,id_2,type_2,color_2,x_2,y_2,x_vel_2,y_vel_2,angle_2,kind,id_1,type_1,color_1,x_1,y_1,x_vel_1,y_vel_1,angle_1,id_2,type_2,color_2,x_2,y_2,x_vel_2,y_vel_2,angle_2,kind,id_1,type_1,color_1,x_1,y_1,x_vel_1,y_vel_1,angle_1,id_2,type_2,color_2,x_2,y_2,x_vel_2,y_vel_2,angle_2,kind,id_1,type_1,color_1,x_1,y_1,x_vel_1,y_vel_1,angle_1,id_2,type_2,color_2,x_2,y_2,x_vel_2,y_vel_2,angle_2,kind,id_1,type_1,color_1,x_1,y_1,x_vel_1,y_vel_1,angle_1,id_2,type_2,color_2,x_2,y_2,x_vel_2,y_vel_2,angle_2,kind,id_1,type_1,color_1,x_1,y_1,x_vel_1,y_vel_1,angle_1,id_2,type_2,color_2,x_2,y_2,x_vel_2,y_vel_2,angle_2,kind,id_1,type_1,color_1,x_1,y_1,x_vel_1,y_vel_1,angle_1,id_2,type_2,color_2,x_2,y_2,x_vel_2,y_vel_2,angle_2,kind,id_1,type_1,color_1,x_1,y_1,x_vel_1,y_vel_1,angle_1,id_2,type_2,color_2,x_2,y_2,x_vel_2,y_vel_2,angle_2,kind,id_1,type_1,color_1,x_1,y_1,x_vel_1,y_vel_1,angle_1,id_2,type_2,color_2,x_2,y_2,x_vel_2,y_vel_2,angle_2,kind,id_1,type_1,color_1,x_1,y_1,x_vel_1,y_vel_1,angle_1,id_2,type_2,color_2,x_2,y_2,x_vel_2,y_vel_2,angle_2,kind,id_1,type_1,color_1,x_1,y_1,x_vel_1,y_vel_1,angle_1,id_2,type_2,color_2,x_2,y_2,x_vel_2,y_vel_2,angle_2,kind,id_1,type_1,color_1,x_1,y_1,x_vel_1,y_vel_1,angle_1,id_2,type_2,color_2,x_2,y_2,x_vel_2,y_vel_2,angle_2,kind,id_1,type_1,color_1,x_1,y_1,x_vel_1,y_vel_1,angle_1,id_2,type_2,color_2,x_2,y_2,x_vel_2,y_vel_2,angle_2,kind,id_1,type_1,color_1,x_1,y_1,x_vel_1,y_vel_1,angle_1,id_2,type_2,color_2,x_2,y_2,x_vel_2,y_vel_2,angle_2,kind,id_1,type_1,color_1,x_1,y_1,x_vel_1,y_vel_1,angle_1,id_2,type_2,color_2,x_2,y_2,x_vel_2,y_vel_2,angle_2,kind,id_1,type_1,color_1,x_1,y_1,x_vel_1,y_vel_1,angle_1,id_2,type_2,color_2,x_2,y_2,x_vel_2,y_vel_2,angle_2,kind,id_1,type_1,color_1,x_1,y_1,x_vel_1,y_vel_1,angle_1,id_2,type_2,color_2,x_2,y_2,x_vel_2,y_vel_2,angle_2,kind,id_1,type_1,color_1,x_1,y_1,x_vel_1,y_vel_1,angle_1,id_2,type_2,color_2,x_2,y_2,x_vel_2,y_vel_2,angle_2,kind,id_1,type_1,color_1,x_1,y_1,x_vel_1,y_vel_1,angle_1,id_2,type_2,color_2,x_2,y_2,x_vel_2,y_vel_2,angle_2,kind,id_1,type_1,color_1,x_1,y_1,x_vel_1,y_vel_1,angle_1,id_2,type_2,color_2,x_2,y_2,x_vel_2,y_vel_2,angle_2,kind,id_1,type_1,color_1,x_1,y_1,x_vel_1,y_vel_1,angle_1,id_2,type_2,color_2,x_2,y_2,x_vel_2,y_vel_2,angle_2,kind,id_1,type_1,color_1,x_1,y_1,x_vel_1,y_vel_1,angle_1,id_2,type_2,color_2,x_2,y_2,x_vel_2,y_vel_2,angle_2,kind,id_1,type_1,color_1,x_1,y_1,x_vel_1,y_vel_1,angle_1,id_2,type_2,color_2,x_2,y_2,x_vel_2,y_vel_2,angle_2,kind,id_1,type_1,color_1,x_1,y_1,x_vel_1,y_vel_1,angle_1,id_2,type_2,color_2,x_2,y_2,x_vel_2,y_vel_2,angle_2,kind,id_1,type_1,color_1,x_1,y_1,x_vel_1,y_vel_1,angle_1,id_2,type_2,color_2,x_2,y_2,x_vel_2,y_vel_2,angle_2,kind,id_1,type_1,color_1,x_1,y_1,x_vel_1,y_vel_1,angle_1,id_2,type_2,color_2,x_2,y_2,x_vel_2,y_vel_2,angle_2,kind,id_1,type_1,color_1,x_1,y_1,x_vel_1,y_vel_1,angle_1,id_2,type_2,color_2,x_2,y_2,x_vel_2,y_vel_2,angle_2,kind,id_1,type_1,color_1,x_1,y_1,x_vel_1,y_vel_1,angle_1,id_2,type_2,color_2,x_2,y_2,x_vel_2,y_vel_2,angle_2,kind,id_1,type_1,color_1,x_1,y_1,x_vel_1,y_vel_1,angle_1,id_2,type_2,color_2,x_2,y_2,x_vel_2,y_vel_2,angle_2,kind,id_1,type_1,color_1,x_1,y_1,x_vel_1,y_vel_1,angle_1,id_2,type_2,color_2,x_2,y_2,x_vel_2,y_vel_2,angle_2,kind,id_1,type_1,color_1,x_1,y_1,x_vel_1,y_vel_1,angle_1,id_2,type_2,color_2,x_2,y_2,x_vel_2,y_vel_2,angle_2,kind,id_1,type_1,color_1,x_1,y_1,x_vel_1,y_vel_1,angle_1,id_2,type_2,color_2,x_2,y_2,x_vel_2,y_vel_2,angle_2,kind,id_1,type_1,color_1,x_1,y_1,x_vel_1,y_vel_1,angle_1,id_2,type_2,color_2,x_2,y_2,x_vel_2,y_vel_2,angle_2,kind,id_1,type_1,color_1,x_1,y_1,x_vel_1,y_vel_1,angle_1,id_2,type_2,color_2,x_2,y_2,x_vel_2,y_vel_2,angle_2,kind,id_1,type_1,color_1,x_1,y_1,x_vel_1,y_vel_1,angle_1,id_2,type_2,color_2,x_2,y_2,x_vel_2,y_vel_2,angle_2,kind,id_1,type_1,color_1,x_1,y_1,x_vel_1,y_vel_1,angle_1,id_2,type_2,color_2,x_2,y_2,x_vel_2,y_vel_2,angle_2,kind,id_1,type_1,color_1,x_1,y_1,x_vel_1,y_vel_1,angle_1,id_2,type_2,color_2,x_2,y_2,x_vel_2,y_vel_2,angle_2,kind,id_1,type_1,color_1,x_1,y_1,x_vel_1,y_vel_1,angle_1,id_2,type_2,color_2,x_2,y_2,x_vel_2,y_vel_2,angle_2,kind,id_1,type_1,color_1,x_1,y_1,x_vel_1,y_vel_1,angle_1,id_2,type_2,color_2,x_2,y_2,x_vel_2,y_vel_2,angle_2,kind,id_1,type_1,color_1,x_1,y_1,x_vel_1,y_vel_1,angle_1,id_2,type_2,color_2,x_2,y_2,x_vel_2,y_vel_2,angle_2,kind,id_1,type_1,color_1,x_1,y_1,x_vel_1,y_vel_1,angle_1,id_2,type_2,color_2,x_2,y_2,x_vel_2,y_vel_2,angle_2,kind,id_1,type_1,color_1,x_1,y_1,x_vel_1,y_vel_1,angle_1,id_2,type_2,color_2,x_2,y_2,x_vel_2,y_vel_2,angle_2,kind,id_1,type_1,color_1,x_1,y_1,x_vel_1,y_vel_1,angle_1,id_2,type_2,color_2,x_2,y_2,x_vel_2,y_vel_2,angle_2,kind,id_1,type_1,color_1,x_1,y_1,x_vel_1,y_vel_1,angle_1,id_2,type_2,color_2,x_2,y_2,x_vel_2,y_vel_2,angle_2,kind,id_1,type_1,color_1,x_1,y_1,x_vel_1,y_vel_1,angle_1,id_2,type_2,color_2,x_2,y_2,x_vel_2,y_vel_2,angle_2,kind,id_1,type_1,color_1,x_1,y_1,x_vel_1,y_vel_1,angle_1,id_2,type_2,color_2,x_2,y_2,x_vel_2,y_vel_2,angle_2,kind,id_1,type_1,color_1,x_1,y_1,x_vel_1,y_vel_1,angle_1,id_2,type_2,color_2,x_2,y_2,x_vel_2,y_vel_2,angle_2,kind,id_1,type_1,color_1,x_1,y_1,x_vel_1,y_vel_1,angle_1,id_2,type_2,color_2,x_2,y_2,x_vel_2,y_vel_2,angle_2,kind,id_1,type_1,color_1,x_1,y_1,x_vel_1,y_vel_1,angle_1,id_2,type_2,color_2,x_2,y_2,x_vel_2,y_vel_2,angle_2,kind,id_1,type_1,color_1,x_1,y_1,x_vel_1,y_vel_1,angle_1,id_2,type_2,color_2,x_2,y_2,x_vel_2,y_vel_2,angle_2,kind,id_1,type_1,color_1,x_1,y_1,x_vel_1,y_vel_1,angle_1,id_2,type_2,color_2,x_2,y_2,x_vel_2,y_vel_2,angle_2,kind,id_1,type_1,color_1,x_1,y_1,x_vel_1,y_vel_1,angle_1,id_2,type_2,color_2,x_2,y_2,x_vel_2,y_vel_2,angle_2,kind,id_1,type_1,color_1,x_1,y_1,x_vel_1,y_vel_1,angle_1,id_2,type_2,color_2,x_2,y_2,x_vel_2,y_vel_2,angle_2,kind,id_1,type_1,color_1,x_1,y_1,x_vel_1,y_vel_1,angle_1,id_2,type_2,color_2,x_2,y_2,x_vel_2,y_vel_2,angle_2,kind,id_1,type_1,color_1,x_1,y_1,x_vel_1,y_vel_1,angle_1,id_2,type_2,color_2,x_2,y_2,x_vel_2,y_vel_2,angle_2,kind,id_1,type_1,color_1,x_1,y_1,x_vel_1,y_vel_1,angle_1,id_2,type_2,color_2,x_2,y_2,x_vel_2,y_vel_2,angle_2,kind,id_1,type_1,color_1,x_1,y_1,x_vel_1,y_vel_1,angle_1,id_2,type_2,color_2,x_2,y_2,x_vel_2,y_vel_2,angle_2,kind,id_1,type_1,color_1,x_1,y_1,x_vel_1,y_vel_1,angle_1,id_2,type_2,color_2,x_2,y_2,x_vel_2,y_vel_2,angle_2,kind,id_1,type_1,color_1,x_1,y_1,x_vel_1,y_vel_1,angle_1,id_2,type_2,color_2,x_2,y_2,x_vel_2,y_vel_2,angle_2,kind,id_1,type_1,color_1,x_1,y_1,x_vel_1,y_vel_1,angle_1,id_2,type_2,color_2,x_2,y_2,x_vel_2,y_vel_2,angle_2,kind,id_1,type_1,color_1,x_1,y_1,x_vel_1,y_vel_1,angle_1,id_2,type_2,color_2,x_2,y_2,x_vel_2,y_vel_2,angle_2,kind,id_1,type_1,color_1,x_1,y_1,x_vel_1,y_vel_1,angle_1,id_2,type_2,color_2,x_2,y_2,x_vel_2,y_vel_2,angle_2,kind,id_1,type_1,color_1,x_1,y_1,x_vel_1,y_vel_1,angle_1,id_2,type_2,color_2,x_2,y_2,x_vel_2,y_vel_2,angle_2,kind,id_1,type_1,color_1,x_1,y_1,x_vel_1,y_vel_1,angle_1,id_2,type_2,color_2,x_2,y_2,x_vel_2,y_vel_2,angle_2,kind,id_1,type_1,color_1,x_1,y_1,x_vel_1,y_vel_1,angle_1,id_2,type_2,color_2,x_2,y_2,x_vel_2,y_vel_2,angle_2,kind,id_1,type_1,color_1,x_1,y_1,x_vel_1,y_vel_1,angle_1,id_2,type_2,color_2,x_2,y_2,x_vel_2,y_vel_2,angle_2,kind,id_1,type_1,color_1,x_1,y_1,x_vel_1,y_vel_1,angle_1,id_2,type_2,color_2,x_2,y_2,x_vel_2,y_vel_2,angle_2,kind,id_1,type_1,color_1,x_1,y_1,x_vel_1,y_vel_1,angle_1,id_2,type_2,color_2,x_2,y_2,x_vel_2,y_vel_2,angle_2,kind,id_1,type_1,color_1,x_1,y_1,x_vel_1,y_vel_1,angle_1,id_2,type_2,color_2,x_2,y_2,x_vel_2,y_vel_2,angle_2,kind,id_1,type_1,color_1,x_1,y_1,x_vel_1,y_vel_1,angle_1,id_2,type_2,color_2,x_2,y_2,x_vel_2,y_vel_2,angle_2,kind,id_1,type_1,color_1,x_1,y_1,x_vel_1,y_vel_1,angle_1,id_2,type_2,color_2,x_2,y_2,x_vel_2,y_vel_2,angle_2,kind,id_1,type_1,color_1,x_1,y_1,x_vel_1,y_vel_1,angle_1,id_2,type_2,color_2,x_2,y_2,x_vel_2,y_vel_2,angle_2,kind,id_1,type_1,color_1,x_1,y_1,x_vel_1,y_vel_1,angle_1,id_2,type_2,color_2,x_2,y_2,x_vel_2,y_vel_2,angle_2,kind,id_1,type_1,color_1,x_1,y_1,x_vel_1,y_vel_1,angle_1,id_2,type_2,color_2,x_2,y_2,x_vel_2,y_vel_2,angle_2,kind,id_1,type_1,color_1,x_1,y_1,x_vel_1,y_vel_1,angle_1,id_2,type_2,color_2,x_2,y_2,x_vel_2,y_vel_2,angle_2,kind,id_1,type_1,color_1,x_1,y_1,x_vel_1,y_vel_1,angle_1,id_2,type_2,color_2,x_2,y_2,x_vel_2,y_vel_2,angle_2,kind,id_1,type_1,color_1,x_1,y_1,x_vel_1,y_vel_1,angle_1,id_2,type_2,color_2,x_2,y_2,x_vel_2,y_vel_2,angle_2,kind,id_1,type_1,color_1,x_1,y_1,x_vel_1,y_vel_1,angle_1,id_2,type_2,color_2,x_2,y_2,x_vel_2,y_vel_2,angle_2,kind,id_1,type_1,color_1,x_1,y_1,x_vel_1,y_vel_1,angle_1,id_2,type_2,color_2,x_2,y_2,x_vel_2,y_vel_2,angle_2,kind,id_1,type_1,color_1,x_1,y_1,x_vel_1,y_vel_1,angle_1,id_2,type_2,color_2,x_2,y_2,x_vel_2,y_vel_2,angle_2,kind,id_1,type_1,color_1,x_1,y_1,x_vel_1,y_vel_1,angle_1,id_2,type_2,color_2,x_2,y_2,x_vel_2,y_vel_2,angle_2,kind,id_1,type_1,color_1,x_1,y_1,x_vel_1,y_vel_1,angle_1,id_2,type_2,color_2,x_2,y_2,x_vel_2,y_vel_2,angle_2,kind,id_1,type_1,color_1,x_1,y_1,x_vel_1,y_vel_1,angle_1,id_2,type_2,color_2,x_2,y_2,x_vel_2,y_vel_2,angle_2,kind,id_1,type_1,color_1,x_1,y_1,x_vel_1,y_vel_1,angle_1,id_2,type_2,color_2,x_2,y_2,x_vel_2,y_vel_2,angle_2,kind,id_1,type_1,color_1,x_1,y_1,x_vel_1,y_vel_1,angle_1,id_2,type_2,color_2,x_2,y_2,x_vel_2,y_vel_2,angle_2,kind,id_1,type_1,color_1,x_1,y_1,x_vel_1,y_vel_1,angle_1,id_2,type_2,color_2,x_2,y_2,x_vel_2,y_vel_2,angle_2,kind,id_1,type_1,color_1,x_1,y_1,x_vel_1,y_vel_1,angle_1,id_2,type_2,color_2,x_2,y_2,x_vel_2,y_vel_2,angle_2,kind,id_1,type_1,color_1,x_1,y_1,x_vel_1,y_vel_1,angle_1,id_2,type_2,color_2,x_2,y_2,x_vel_2,y_vel_2,angle_2,kind,id_1,type_1,color_1,x_1,y_1,x_vel_1,y_vel_1,angle_1,id_2,type_2,color_2,x_2,y_2,x_vel_2,y_vel_2,angle_2,kind,id_1,type_1,color_1,x_1,y_1,x_vel_1,y_vel_1,angle_1,id_2,type_2,color_2,x_2,y_2,x_vel_2,y_vel_2,angle_2,kind,id_1,type_1,color_1,x_1,y_1,x_vel_1,y_vel_1,angle_1,id_2,type_2,color_2,x_2,y_2,x_vel_2,y_vel_2,angle_2,kind,id_1,type_1,color_1,x_1,y_1,x_vel_1,y_vel_1,angle_1,id_2,type_2,color_2,x_2,y_2,x_vel_2,y_vel_2,angle_2,kind,id_1,type_1,color_1,x_1,y_1,x_vel_1,y_vel_1,angle_1,id_2,type_2,color_2,x_2,y_2,x_vel_2,y_vel_2,angle_2,kind,id_1,type_1,color_1,x_1,y_1,x_vel_1,y_vel_1,angle_1,id_2,type_2,color_2,x_2,y_2,x_vel_2,y_vel_2,angle_2,kind,id_1,type_1,color_1,x_1,y_1,x_vel_1,y_vel_1,angle_1,id_2,type_2,color_2,x_2,y_2,x_vel_2,y_vel_2,angle_2,kind,id_1,type_1,color_1,x_1,y_1,x_vel_1,y_vel_1,angle_1,id_2,type_2,color_2,x_2,y_2,x_vel_2,y_vel_2,angle_2,kind,id_1,type_1,color_1,x_1,y_1,x_vel_1,y_vel_1,angle_1,id_2,type_2,color_2,x_2,y_2,x_vel_2,y_vel_2,angle_2,kind,id_1,type_1,color_1,x_1,y_1,x_vel_1,y_vel_1,angle_1,id_2,type_2,color_2,x_2,y_2,x_vel_2,y_vel_2,angle_2,kind,id_1,type_1,color_1,x_1,y_1,x_vel_1,y_vel_1,angle_1,id_2,type_2,color_2,x_2,y_2,x_vel_2,y_vel_2,angle_2,kind,id_1,type_1,color_1,x_1,y_1,x_vel_1,y_vel_1,angle_1,id_2,type_2,color_2,x_2,y_2,x_vel_2,y_vel_2,angle_2,kind,id_1,type_1,color_1,x_1,y_1,x_vel_1,y_vel_1,angle_1,id_2,type_2,color_2,x_2,y_2,x_vel_2,y_vel_2,angle_2,kind,id_1,type_1,color_1,x_1,y_1,x_vel_1,y_vel_1,angle_1,id_2,type_2,color_2,x_2,y_2,x_vel_2,y_vel_2,angle_2,kind,id_1,type_1,color_1,x_1,y_1,x_vel_1,y_vel_1,angle_1,id_2,type_2,color_2,x_2,y_2,x_vel_2,y_vel_2,angle_2,kind,id_1,type_1,color_1,x_1,y_1,x_vel_1,y_vel_1,angle_1,id_2,type_2,color_2,x_2,y_2,x_vel_2,y_vel_2,angle_2,kind,id_1,type_1,color_1,x_1,y_1,x_vel_1,y_vel_1,angle_1,id_2,type_2,color_2,x_2,y_2,x_vel_2,y_vel_2,angle_2,kind,id_1,type_1,color_1,x_1,y_1,x_vel_1,y_vel_1,angle_1,id_2,type_2,color_2,x_2,y_2,x_vel_2,y_vel_2,angle_2,kind,id_1,type_1,color_1,x_1,y_1,x_vel_1,y_vel_1,angle_1,id_2,type_2,color_2,x_2,y_2,x_vel_2,y_vel_2,angle_2,kind,id_1,type_1,color_1,x_1,y_1,x_vel_1,y_vel_1,angle_1,id_2,type_2,color_2,x_2,y_2,x_vel_2,y_vel_2,angle_2,kind,id_1,type_1,color_1,x_1,y_1,x_vel_1,y_vel_1,angle_1,id_2,type_2,color_2,x_2,y_2,x_vel_2,y_vel_2,angle_2,kind,id_1,type_1,color_1,x_1,y_1,x_vel_1,y_vel_1,angle_1,id_2,type_2,color_2,x_2,y_2,x_vel_2,y_vel_2,angle_2,kind,id_1,type_1,color_1,x_1,y_1,x_vel_1,y_vel_1,angle_1,id_2,type_2,color_2,x_2,y_2,x_vel_2,y_vel_2,angle_2,kind,id_1,type_1,color_1,x_1,y_1,x_vel_1,y_vel_1,angle_1,id_2,type_2,color_2,x_2,y_2,x_vel_2,y_vel_2,angle_2,kind,id_1,type_1,color_1,x_1,y_1,x_vel_1,y_vel_1,angle_1,id_2,type_2,color_2,x_2,y_2,x_vel_2,y_vel_2,angle_2,kind,id_1,type_1,color_1,x_1,y_1,x_vel_1,y_vel_1,angle_1,id_2,type_2,color_2,x_2,y_2,x_vel_2,y_vel_2,angle_2,kind,id_1,type_1,color_1,x_1,y_1,x_vel_1,y_vel_1,angle_1,id_2,type_2,color_2,x_2,y_2,x_vel_2,y_vel_2,angle_2,kind,id_1,type_1,color_1,x_1,y_1,x_vel_1,y_vel_1,angle_1,id_2,type_2,color_2,x_2,y_2,x_vel_2,y_vel_2,angle_2,kind,id_1,type_1,color_1,x_1,y_1,x_vel_1,y_vel_1,angle_1,id_2,type_2,color_2,x_2,y_2,x_vel_2,y_vel_2,angle_2,kind,id_1,type_1,color_1,x_1,y_1,x_vel_1,y_vel_1,angle_1,id_2,type_2,color_2,x_2,y_2,x_vel_2,y_vel_2,angle_2,kind,id_1,type_1,color_1,x_1,y_1,x_vel_1,y_vel_1,angle_1,id_2,type_2,color_2,x_2,y_2,x_vel_2,y_vel_2,angle_2,kind,id_1,type_1,color_1,x_1,y_1,x_vel_1,y_vel_1,angle_1,id_2,type_2,color_2,x_2,y_2,x_vel_2,y_vel_2,angle_2,kind,id_1,type_1,color_1,x_1,y_1,x_vel_1,y_vel_1,angle_1,id_2,type_2,color_2,x_2,y_2,x_vel_2,y_vel_2,angle_2,kind,id_1,type_1,color_1,x_1,y_1,x_vel_1,y_vel_1,angle_1,id_2,type_2,color_2,x_2,y_2,x_vel_2,y_vel_2,angle_2,kind,id_1,type_1,color_1,x_1,y_1,x_vel_1,y_vel_1,angle_1,id_2,type_2,color_2,x_2,y_2,x_vel_2,y_vel_2,angle_2,kind,id_1,type_1,color_1,x_1,y_1,x_vel_1,y_vel_1,angle_1,id_2,type_2,color_2,x_2,y_2,x_vel_2,y_vel_2,angle_2,kind,id_1,type_1,color_1,x_1,y_1,x_vel_1,y_vel_1,angle_1,id_2,type_2,color_2,x_2,y_2,x_vel_2,y_vel_2,angle_2,kind,id_1,type_1,color_1,x_1,y_1,x_vel_1,y_vel_1,angle_1,id_2,type_2,color_2,x_2,y_2,x_vel_2,y_vel_2,angle_2,kind,id_1,type_1,color_1,x_1,y_1,x_vel_1,y_vel_1,angle_1,id_2,type_2,color_2,x_2,y_2,x_vel_2,y_vel_2,angle_2,kind,id_1,type_1,color_1,x_1,y_1,x_vel_1,y_vel_1,angle_1,id_2,type_2,color_2,x_2,y_2,x_vel_2,y_vel_2,angle_2,kind,id_1,type_1,color_1,x_1,y_1,x_vel_1,y_vel_1,angle_1,id_2,type_2,color_2,x_2,y_2,x_vel_2,y_vel_2,angle_2,kind,id_1,type_1,color_1,x_1,y_1,x_vel_1,y_vel_1,angle_1,id_2,type_2,color_2,x_2,y_2,x_vel_2,y_vel_2,angle_2,kind,id_1,type_1,color_1,x_1,y_1,x_vel_1,y_vel_1,angle_1,id_2,type_2,color_2,x_2,y_2,x_vel_2,y_vel_2,angle_2,kind,id_1,type_1,color_1,x_1,y_1,x_vel_1,y_vel_1,angle_1,id_2,type_2,color_2,x_2,y_2,x_vel_2,y_vel_2,angle_2,kind,id_1,type_1,color_1,x_1,y_1,x_vel_1,y_vel_1,angle_1,id_2,type_2,color_2,x_2,y_2,x_vel_2,y_vel_2,angle_2,kind,id_1,type_1,color_1,x_1,y_1,x_vel_1,y_vel_1,angle_1,id_2,type_2,color_2,x_2,y_2,x_vel_2,y_vel_2,angle_2,kind,id_1,type_1,color_1,x_1,y_1,x_vel_1,y_vel_1,angle_1,id_2,type_2,color_2,x_2,y_2,x_vel_2,y_vel_2,angle_2,kind,id_1,type_1,color_1,x_1,y_1,x_vel_1,y_vel_1,angle_1,id_2,type_2,color_2,x_2,y_2,x_vel_2,y_vel_2,angle_2,kind,id_1,type_1,color_1,x_1,y_1,x_vel_1,y_vel_1,angle_1,id_2,type_2,color_2,x_2,y_2,x_vel_2,y_vel_2,angle_2,kind,id_1,type_1,color_1,x_1,y_1,x_vel_1,y_vel_1,angle_1,id_2,type_2,color_2,x_2,y_2,x_vel_2,y_vel_2,angle_2,kind,id_1,type_1,color_1,x_1,y_1,x_vel_1,y_vel_1,angle_1,id_2,type_2,color_2,x_2,y_2,x_vel_2,y_vel_2,angle_2,kind,id_1,type_1,color_1,x_1,y_1,x_vel_1,y_vel_1,angle_1,id_2,type_2,color_2,x_2,y_2,x_vel_2,y_vel_2,angle_2,kind,id_1,type_1,color_1,x_1,y_1,x_vel_1,y_vel_1,angle_1,id_2,type_2,color_2,x_2,y_2,x_vel_2,y_vel_2,angle_2,kind,id_1,type_1,color_1,x_1,y_1,x_vel_1,y_vel_1,angle_1,id_2,type_2,color_2,x_2,y_2,x_vel_2,y_vel_2,angle_2,kind,id_1,type_1,color_1,x_1,y_1,x_vel_1,y_vel_1,angle_1,id_2,type_2,color_2,x_2,y_2,x_vel_2,y_vel_2,angle_2,kind,id_1,type_1,color_1,x_1,y_1,x_vel_1,y_vel_1,angle_1,id_2,type_2,color_2,x_2,y_2,x_vel_2,y_vel_2,angle_2,kind,id_1,type_1,color_1,x_1,y_1,x_vel_1,y_vel_1,angle_1,id_2,type_2,color_2,x_2,y_2,x_vel_2,y_vel_2,angle_2,kind,id_1,type_1,color_1,x_1,y_1,x_vel_1,y_vel_1,angle_1,id_2,type_2,color_2,x_2,y_2,x_vel_2,y_vel_2,angle_2,kind,id_1,type_1,color_1,x_1,y_1,x_vel_1,y_vel_1,angle_1,id_2,type_2,color_2,x_2,y_2,x_vel_2,y_vel_2,angle_2,kind,id_1,type_1,color_1,x_1,y_1,x_vel_1,y_vel_1,angle_1,id_2,type_2,color_2,x_2,y_2,x_vel_2,y_vel_2,angle_2,kind,id_1,type_1,color_1,x_1,y_1,x_vel_1,y_vel_1,angle_1,id_2,type_2,color_2,x_2,y_2,x_vel_2,y_vel_2,angle_2,kind,id_1,type_1,color_1,x_1,y_1,x_vel_1,y_vel_1,angle_1,id_2,type_2,color_2,x_2,y_2,x_vel_2,y_vel_2,angle_2,kind,id_1,type_1,color_1,x_1,y_1,x_vel_1,y_vel_1,angle_1,id_2,type_2,color_2,x_2,y_2,x_vel_2,y_vel_2,angle_2,kind,id_1,type_1,color_1,x_1,y_1,x_vel_1,y_vel_1,angle_1,id_2,type_2,color_2,x_2,y_2,x_vel_2,y_vel_2,angle_2,kind,id_1,type_1,color_1,x_1,y_1,x_vel_1,y_vel_1,angle_1,id_2,type_2,color_2,x_2,y_2,x_vel_2,y_vel_2,angle_2,kind,id_1,type_1,color_1,x_1,y_1,x_vel_1,y_vel_1,angle_1,id_2,type_2,color_2,x_2,y_2,x_vel_2,y_vel_2,angle_2,kind,id_1,type_1,color_1,x_1,y_1,x_vel_1,y_vel_1,angle_1,id_2,type_2,color_2,x_2,y_2,x_vel_2,y_vel_2,angle_2,kind,id_1,type_1,color_1,x_1,y_1,x_vel_1,y_vel_1,angle_1,id_2,type_2,color_2,x_2,y_2,x_vel_2,y_vel_2,angle_2,kind,id_1,type_1,color_1,x_1,y_1,x_vel_1,y_vel_1,angle_1,id_2,type_2,color_2,x_2,y_2,x_vel_2,y_vel_2,angle_2,kind,id_1,type_1,color_1,x_1,y_1,x_vel_1,y_vel_1,angle_1,id_2,type_2,color_2,x_2,y_2,x_vel_2,y_vel_2,angle_2,kind,id_1,type_1,color_1,x_1,y_1,x_vel_1,y_vel_1,angle_1,id_2,type_2,color_2,x_2,y_2,x_vel_2,y_vel_2,angle_2,kind,id_1,type_1,color_1,x_1,y_1,x_vel_1,y_vel_1,angle_1,id_2,type_2,color_2,x_2,y_2,x_vel_2,y_vel_2,angle_2,kind,id_1,type_1,color_1,x_1,y_1,x_vel_1,y_vel_1,angle_1,id_2,type_2,color_2,x_2,y_2,x_vel_2,y_vel_2,angle_2,kind,id_1,type_1,color_1,x_1,y_1,x_vel_1,y_vel_1,angle_1,id_2,type_2,color_2,x_2,y_2,x_vel_2,y_vel_2,angle_2,kind,id_1,type_1,color_1,x_1,y_1,x_vel_1,y_vel_1,angle_1,id_2,type_2,color_2,x_2,y_2,x_vel_2,y_vel_2,angle_2,kind,id_1,type_1,color_1,x_1,y_1,x_vel_1,y_vel_1,angle_1,id_2,type_2,color_2,x_2,y_2,x_vel_2,y_vel_2,angle_2,kind,id_1,type_1,color_1,x_1,y_1,x_vel_1,y_vel_1,angle_1,id_2,type_2,color_2,x_2,y_2,x_vel_2,y_vel_2,angle_2,kind,id_1,type_1,color_1,x_1,y_1,x_vel_1,y_vel_1,angle_1,id_2,type_2,color_2,x_2,y_2,x_vel_2,y_vel_2,angle_2,kind,id_1,type_1,color_1,x_1,y_1,x_vel_1,y_vel_1,angle_1,id_2,type_2,color_2,x_2,y_2,x_vel_2,y_vel_2,angle_2,kind,id_1,type_1,color_1,x_1,y_1,x_vel_1,y_vel_1,angle_1,id_2,type_2,color_2,x_2,y_2,x_vel_2,y_vel_2,angle_2,kind,id_1,type_1,color_1,x_1,y_1,x_vel_1,y_vel_1,angle_1,id_2,type_2,color_2,x_2,y_2,x_vel_2,y_vel_2,angle_2,kind,id_1,type_1,color_1,x_1,y_1,x_vel_1,y_vel_1,angle_1,id_2,type_2,color_2,x_2,y_2,x_vel_2,y_vel_2,angle_2,kind,id_1,type_1,color_1,x_1,y_1,x_vel_1,y_vel_1,angle_1,id_2,type_2,color_2,x_2,y_2,x_vel_2,y_vel_2,angle_2,kind,id_1,type_1,color_1,x_1,y_1,x_vel_1,y_vel_1,angle_1,id_2,type_2,color_2,x_2,y_2,x_vel_2,y_vel_2,angle_2,kind,id_1,type_1,color_1,x_1,y_1,x_vel_1,y_vel_1,angle_1,id_2,type_2,color_2,x_2,y_2,x_vel_2,y_vel_2,angle_2,kind,id_1,type_1,color_1,x_1,y_1,x_vel_1,y_vel_1,angle_1,id_2,type_2,color_2,x_2,y_2,x_vel_2,y_vel_2,angle_2,kind,id_1,type_1,color_1,x_1,y_1,x_vel_1,y_vel_1,angle_1,id_2,type_2,color_2,x_2,y_2,x_vel_2,y_vel_2,angle_2,kind,id_1,type_1,color_1,x_1,y_1,x_vel_1,y_vel_1,angle_1,id_2,type_2,color_2,x_2,y_2,x_vel_2,y_vel_2,angle_2,kind,id_1,type_1,color_1,x_1,y_1,x_vel_1,y_vel_1,angle_1,id_2,type_2,color_2,x_2,y_2,x_vel_2,y_vel_2,angle_2,kind,id_1,type_1,color_1,x_1,y_1,x_vel_1,y_vel_1,angle_1,id_2,type_2,color_2,x_2,y_2,x_vel_2,y_vel_2,angle_2,kind,id_1,type_1,color_1,x_1,y_1,x_vel_1,y_vel_1,angle_1,id_2,type_2,color_2,x_2,y_2,x_vel_2,y_vel_2,angle_2,kind,id_1,type_1,color_1,x_1,y_1,x_vel_1,y_vel_1,angle_1,id_2,type_2,color_2,x_2,y_2,x_vel_2,y_vel_2,angle_2,kind,id_1,type_1,color_1,x_1,y_1,x_vel_1,y_vel_1,angle_1,id_2,type_2,color_2,x_2,y_2,x_vel_2,y_vel_2,angle_2,kind,id_1,type_1,color_1,x_1,y_1,x_vel_1,y_vel_1,angle_1,id_2,type_2,color_2,x_2,y_2,x_vel_2,y_vel_2,angle_2,kind,id_1,type_1,color_1,x_1,y_1,x_vel_1,y_vel_1,angle_1,id_2,type_2,color_2,x_2,y_2,x_vel_2,y_vel_2,angle_2,kind,id_1,type_1,color_1,x_1,y_1,x_vel_1,y_vel_1,angle_1,id_2,type_2,color_2,x_2,y_2,x_vel_2,y_vel_2,angle_2,kind,id_1,type_1,color_1,x_1,y_1,x_vel_1,y_vel_1,angle_1,id_2,type_2,color_2,x_2,y_2,x_vel_2,y_vel_2,angle_2,kind,id_1,type_1,color_1,x_1,y_1,x_vel_1,y_vel_1,angle_1,id_2,type_2,color_2,x_2,y_2,x_vel_2,y_vel_2,angle_2,kind,id_1,type_1,color_1,x_1,y_1,x_vel_1,y_vel_1,angle_1,id_2,type_2,color_2,x_2,y_2,x_vel_2,y_vel_2,angle_2,kind,id_1,type_1,color_1,x_1,y_1,x_vel_1,y_vel_1,angle_1,id_2,type_2,color_2,x_2,y_2,x_vel_2,y_vel_2,angle_2,kind,id_1,type_1,color_1,x_1,y_1,x_vel_1,y_vel_1,angle_1,id_2,type_2,color_2,x_2,y_2,x_vel_2,y_vel_2,angle_2,kind,id_1,type_1,color_1,x_1,y_1,x_vel_1,y_vel_1,angle_1,id_2,type_2,color_2,x_2,y_2,x_vel_2,y_vel_2,angle_2,kind,id_1,type_1,color_1,x_1,y_1,x_vel_1,y_vel_1,angle_1,id_2,type_2,color_2,x_2,y_2,x_vel_2,y_vel_2,angle_2,kind,id_1,type_1,color_1,x_1,y_1,x_vel_1,y_vel_1,angle_1,id_2,type_2,color_2,x_2,y_2,x_vel_2,y_vel_2,angle_2,kind,id_1,type_1,color_1,x_1,y_1,x_vel_1,y_vel_1,angle_1,id_2,type_2,color_2,x_2,y_2,x_vel_2,y_vel_2,angle_2,kind,id_1,type_1,color_1,x_1,y_1,x_vel_1,y_vel_1,angle_1,id_2,type_2,color_2,x_2,y_2,x_vel_2,y_vel_2,angle_2,kind,id_1,type_1,color_1,x_1,y_1,x_vel_1,y_vel_1,angle_1,id_2,type_2,color_2,x_2,y_2,x_vel_2,y_vel_2,angle_2,kind,id_1,type_1,color_1,x_1,y_1,x_vel_1,y_vel_1,angle_1,id_2,type_2,color_2,x_2,y_2,x_vel_2,y_vel_2,angle_2,kind,id_1,type_1,color_1,x_1,y_1,x_vel_1,y_vel_1,angle_1,id_2,type_2,color_2,x_2,y_2,x_vel_2,y_vel_2,angle_2,kind,id_1,type_1,color_1,x_1,y_1,x_vel_1,y_vel_1,angle_1,id_2,type_2,color_2,x_2,y_2,x_vel_2,y_vel_2,angle_2,kind,id_1,type_1,color_1,x_1,y_1,x_vel_1,y_vel_1,angle_1,id_2,type_2,color_2,x_2,y_2,x_vel_2,y_vel_2,angle_2,kind,id_1,type_1,color_1,x_1,y_1,x_vel_1,y_vel_1,angle_1,id_2,type_2,color_2,x_2,y_2,x_vel_2,y_vel_2,angle_2,kind,id_1,type_1,color_1,x_1,y_1,x_vel_1,y_vel_1,angle_1,id_2,type_2,color_2,x_2,y_2,x_vel_2,y_vel_2,angle_2,kind,id_1,type_1,color_1,x_1,y_1,x_vel_1,y_vel_1,angle_1,id_2,type_2,color_2,x_2,y_2,x_vel_2,y_vel_2,angle_2,kind,id_1,type_1,color_1,x_1,y_1,x_vel_1,y_vel_1,angle_1,id_2,type_2,color_2,x_2,y_2,x_vel_2,y_vel_2,angle_2,kind,id_1,type_1,color_1,x_1,y_1,x_vel_1,y_vel_1,angle_1,id_2,type_2,color_2,x_2,y_2,x_vel_2,y_vel_2,angle_2,kind,id_1,type_1,color_1,x_1,y_1,x_vel_1,y_vel_1,angle_1,id_2,type_2,color_2,x_2,y_2,x_vel_2,y_vel_2,angle_2,kind,id_1,type_1,color_1,x_1,y_1,x_vel_1,y_vel_1,angle_1,id_2,type_2,color_2,x_2,y_2,x_vel_2,y_vel_2,angle_2,kind,id_1,type_1,color_1,x_1,y_1,x_vel_1,y_vel_1,angle_1,id_2,type_2,color_2,x_2,y_2,x_vel_2,y_vel_2,angle_2,kind,id_1,type_1,color_1,x_1,y_1,x_vel_1,y_vel_1,angle_1,id_2,type_2,color_2,x_2,y_2,x_vel_2,y_vel_2,angle_2,kind,id_1,type_1,color_1,x_1,y_1,x_vel_1,y_vel_1,angle_1,id_2,type_2,color_2,x_2,y_2,x_vel_2,y_vel_2,angle_2,kind,id_1,type_1,color_1,x_1,y_1,x_vel_1,y_vel_1,angle_1,id_2,type_2,color_2,x_2,y_2,x_vel_2,y_vel_2,angle_2,kind,id_1,type_1,color_1,x_1,y_1,x_vel_1,y_vel_1,angle_1,id_2,type_2,color_2,x_2,y_2,x_vel_2,y_vel_2,angle_2,kind,id_1,type_1,color_1,x_1,y_1,x_vel_1,y_vel_1,angle_1,id_2,type_2,color_2,x_2,y_2,x_vel_2,y_vel_2,angle_2,kind,id_1,type_1,color_1,x_1,y_1,x_vel_1,y_vel_1,angle_1,id_2,type_2,color_2,x_2,y_2,x_vel_2,y_vel_2,angle_2,kind,id_1,type_1,color_1,x_1,y_1,x_vel_1,y_vel_1,angle_1,id_2,type_2,color_2,x_2,y_2,x_vel_2,y_vel_2,angle_2,kind,id_1,type_1,color_1,x_1,y_1,x_vel_1,y_vel_1,angle_1,id_2,type_2,color_2,x_2,y_2,x_vel_2,y_vel_2,angle_2,kind,id_1,type_1,color_1,x_1,y_1,x_vel_1,y_vel_1,angle_1,id_2,type_2,color_2,x_2,y_2,x_vel_2,y_vel_2,angle_2,kind,id_1,type_1,color_1,x_1,y_1,x_vel_1,y_vel_1,angle_1,id_2,type_2,color_2,x_2,y_2,x_vel_2,y_vel_2,angle_2,kind,id_1,type_1,color_1,x_1,y_1,x_vel_1,y_vel_1,angle_1,id_2,type_2,color_2,x_2,y_2,x_vel_2,y_vel_2,angle_2,kind,id_1,type_1,color_1,x_1,y_1,x_vel_1,y_vel_1,angle_1,id_2,type_2,color_2,x_2,y_2,x_vel_2,y_vel_2,angle_2,kind,id_1,type_1,color_1,x_1,y_1,x_vel_1,y_vel_1,angle_1,id_2,type_2,color_2,x_2,y_2,x_vel_2,y_vel_2,angle_2,kind,id_1,type_1,color_1,x_1,y_1,x_vel_1,y_vel_1,angle_1,id_2,type_2,color_2,x_2,y_2,x_vel_2,y_vel_2,angle_2,kind,id_1,type_1,color_1,x_1,y_1,x_vel_1,y_vel_1,angle_1,id_2,type_2,color_2,x_2,y_2,x_vel_2,y_vel_2,angle_2,kind,id_1,type_1,color_1,x_1,y_1,x_vel_1,y_vel_1,angle_1,id_2,type_2,color_2,x_2,y_2,x_vel_2,y_vel_2,angle_2,kind,id_1,type_1,color_1,x_1,y_1,x_vel_1,y_vel_1,angle_1,id_2,type_2,color_2,x_2,y_2,x_vel_2,y_vel_2,angle_2,kind,id_1,type_1,color_1,x_1,y_1,x_vel_1,y_vel_1,angle_1,id_2,type_2,color_2,x_2,y_2,x_vel_2,y_vel_2,angle_2,kind,id_1,type_1,color_1,x_1,y_1,x_vel_1,y_vel_1,angle_1,id_2,type_2,color_2,x_2,y_2,x_vel_2,y_vel_2,angle_2,kind,id_1,type_1,color_1,x_1,y_1,x_vel_1,y_vel_1,angle_1,id_2,type_2,color_2,x_2,y_2,x_vel_2,y_vel_2,angle_2,kind,id_1,type_1,color_1,x_1,y_1,x_vel_1,y_vel_1,angle_1,id_2,type_2,color_2,x_2,y_2,x_vel_2,y_vel_2,angle_2,kind,id_1,type_1,color_1,x_1,y_1,x_vel_1,y_vel_1,angle_1,id_2,type_2,color_2,x_2,y_2,x_vel_2,y_vel_2,angle_2,kind,id_1,type_1,color_1,x_1,y_1,x_vel_1,y_vel_1,angle_1,id_2,type_2,color_2,x_2,y_2,x_vel_2,y_vel_2,angle_2,kind,id_1,type_1,color_1,x_1,y_1,x_vel_1,y_vel_1,angle_1,id_2,type_2,color_2,x_2,y_2,x_vel_2,y_vel_2,angle_2,kind,id_1,type_1,color_1,x_1,y_1,x_vel_1,y_vel_1,angle_1,id_2,type_2,color_2,x_2,y_2,x_vel_2,y_vel_2,angle_2,kind,id_1,type_1,color_1,x_1,y_1,x_vel_1,y_vel_1,angle_1,id_2,type_2,color_2,x_2,y_2,x_vel_2,y_vel_2,angle_2,kind,id_1,type_1,color_1,x_1,y_1,x_vel_1,y_vel_1,angle_1,id_2,type_2,color_2,x_2,y_2,x_vel_2,y_vel_2,angle_2,kind,id_1,type_1,color_1,x_1,y_1,x_vel_1,y_vel_1,angle_1,id_2,type_2,color_2,x_2,y_2,x_vel_2,y_vel_2,angle_2,kind,id_1,type_1,color_1,x_1,y_1,x_vel_1,y_vel_1,angle_1,id_2,type_2,color_2,x_2,y_2,x_vel_2,y_vel_2,angle_2,kind,id_1,type_1,color_1,x_1,y_1,x_vel_1,y_vel_1,angle_1,id_2,type_2,color_2,x_2,y_2,x_vel_2,y_vel_2,angle_2,kind,id_1,type_1,color_1,x_1,y_1,x_vel_1,y_vel_1,angle_1,id_2,type_2,color_2,x_2,y_2,x_vel_2,y_vel_2,angle_2,kind,id_1,type_1,color_1,x_1,y_1,x_vel_1,y_vel_1,angle_1,id_2,type_2,color_2,x_2,y_2,x_vel_2,y_vel_2,angle_2,kind,id_1,type_1,color_1,x_1,y_1,x_vel_1,y_vel_1,angle_1,id_2,type_2,color_2,x_2,y_2,x_vel_2,y_vel_2,angle_2,kind,id_1,type_1,color_1,x_1,y_1,x_vel_1,y_vel_1,angle_1,id_2,type_2,color_2,x_2,y_2,x_vel_2,y_vel_2,angle_2,kind,id_1,type_1,color_1,x_1,y_1,x_vel_1,y_vel_1,angle_1,id_2,type_2,color_2,x_2,y_2,x_vel_2,y_vel_2,angle_2,kind,id_1,type_1,color_1,x_1,y_1,x_vel_1,y_vel_1,angle_1,id_2,type_2,color_2,x_2,y_2,x_vel_2,y_vel_2,angle_2,kind,id_1,type_1,color_1,x_1,y_1,x_vel_1,y_vel_1,angle_1,id_2,type_2,color_2,x_2,y_2,x_vel_2,y_vel_2,angle_2,kind,id_1,type_1,color_1,x_1,y_1,x_vel_1,y_vel_1,angle_1,id_2,type_2,color_2,x_2,y_2,x_vel_2,y_vel_2,angle_2,kind,id_1,type_1,color_1,x_1,y_1,x_vel_1,y_vel_1,angle_1,id_2,type_2,color_2,x_2,y_2,x_vel_2,y_vel_2,angle_2,kind,id_1,type_1,color_1,x_1,y_1,x_vel_1,y_vel_1,angle_1,id_2,type_2,color_2,x_2,y_2,x_vel_2,y_vel_2,angle_2,kind,id_1,type_1,color_1,x_1,y_1,x_vel_1,y_vel_1,angle_1,id_2,type_2,color_2,x_2,y_2,x_vel_2,y_vel_2,angle_2,kind,id_1,type_1,color_1,x_1,y_1,x_vel_1,y_vel_1,angle_1,id_2,type_2,color_2,x_2,y_2,x_vel_2,y_vel_2,angle_2,kind,id_1,type_1,color_1,x_1,y_1,x_vel_1,y_vel_1,angle_1,id_2,type_2,color_2,x_2,y_2,x_vel_2,y_vel_2,angle_2,kind,id_1,type_1,color_1,x_1,y_1,x_vel_1,y_vel_1,angle_1,id_2,type_2,color_2,x_2,y_2,x_vel_2,y_vel_2,angle_2,kind,id_1,type_1,color_1,x_1,y_1,x_vel_1,y_vel_1,angle_1,id_2,type_2,color_2,x_2,y_2,x_vel_2,y_vel_2,angle_2,kind,id_1,type_1,color_1,x_1,y_1,x_vel_1,y_vel_1,angle_1,id_2,type_2,color_2,x_2,y_2,x_vel_2,y_vel_2,angle_2,kind,id_1,type_1,color_1,x_1,y_1,x_vel_1,y_vel_1,angle_1,id_2,type_2,color_2,x_2,y_2,x_vel_2,y_vel_2,angle_2,kind,id_1,type_1,color_1,x_1,y_1,x_vel_1,y_vel_1,angle_1,id_2,type_2,color_2,x_2,y_2,x_vel_2,y_vel_2,angle_2,kind,id_1,type_1,color_1,x_1,y_1,x_vel_1,y_vel_1,angle_1,id_2,type_2,color_2,x_2,y_2,x_vel_2,y_vel_2,angle_2,kind,id_1,type_1,color_1,x_1,y_1,x_vel_1,y_vel_1,angle_1,id_2,type_2,color_2,x_2,y_2,x_vel_2,y_vel_2,angle_2,kind,id_1,type_1,color_1,x_1,y_1,x_vel_1,y_vel_1,angle_1,id_2,type_2,color_2,x_2,y_2,x_vel_2,y_vel_2,angle_2,kind,id_1,type_1,color_1,x_1,y_1,x_vel_1,y_vel_1,angle_1,id_2,type_2,color_2,x_2,y_2,x_vel_2,y_vel_2,angle_2,kind,id_1,type_1,color_1,x_1,y_1,x_vel_1,y_vel_1,angle_1,id_2,type_2,color_2,x_2,y_2,x_vel_2,y_vel_2,angle_2,kind,id_1,type_1,color_1,x_1,y_1,x_vel_1,y_vel_1,angle_1,id_2,type_2,color_2,x_2,y_2,x_vel_2,y_vel_2,angle_2,kind,id_1,type_1,color_1,x_1,y_1,x_vel_1,y_vel_1,angle_1,id_2,type_2,color_2,x_2,y_2,x_vel_2,y_vel_2,angle_2,kind,id_1,type_1,color_1,x_1,y_1,x_vel_1,y_vel_1,angle_1,id_2,type_2,color_2,x_2,y_2,x_vel_2,y_vel_2,angle_2,kind,id_1,type_1,color_1,x_1,y_1,x_vel_1,y_vel_1,angle_1,id_2,type_2,color_2,x_2,y_2,x_vel_2,y_vel_2,angle_2,kind,id_1,type_1,color_1,x_1,y_1,x_vel_1,y_vel_1,angle_1,id_2,type_2,color_2,x_2,y_2,x_vel_2,y_vel_2,angle_2,kind,id_1,type_1,color_1,x_1,y_1,x_vel_1,y_vel_1,angle_1,id_2,type_2,color_2,x_2,y_2,x_vel_2,y_vel_2,angle_2,kind,id_1,type_1,color_1,x_1,y_1,x_vel_1,y_vel_1,angle_1,id_2,type_2,color_2,x_2,y_2,x_vel_2,y_vel_2,angle_2,kind,id_1,type_1,color_1,x_1,y_1,x_vel_1,y_vel_1,angle_1,id_2,type_2,color_2,x_2,y_2,x_vel_2,y_vel_2,angle_2,kind,id_1,type_1,color_1,x_1,y_1,x_vel_1,y_vel_1,angle_1,id_2,type_2,color_2,x_2,y_2,x_vel_2,y_vel_2,angle_2,kind,id_1,type_1,color_1,x_1,y_1,x_vel_1,y_vel_1,angle_1,id_2,type_2,color_2,x_2,y_2,x_vel_2,y_vel_2,angle_2,kind,id_1,type_1,color_1,x_1,y_1,x_vel_1,y_vel_1,angle_1,id_2,type_2,color_2,x_2,y_2,x_vel_2,y_vel_2,angle_2,kind,id_1,type_1,color_1,x_1,y_1,x_vel_1,y_vel_1,angle_1,id_2,type_2,color_2,x_2,y_2,x_vel_2,y_vel_2,angle_2,kind,id_1,type_1,color_1,x_1,y_1,x_vel_1,y_vel_1,angle_1,id_2,type_2,color_2,x_2,y_2,x_vel_2,y_vel_2,angle_2,kind,id_1,type_1,color_1,x_1,y_1,x_vel_1,y_vel_1,angle_1,id_2,type_2,color_2,x_2,y_2,x_vel_2,y_vel_2,angle_2,kind,id_1,type_1,color_1,x_1,y_1,x_vel_1,y_vel_1,angle_1,id_2,type_2,color_2,x_2,y_2,x_vel_2,y_vel_2,angle_2,kind,id_1,type_1,color_1,x_1,y_1,x_vel_1,y_vel_1,angle_1,id_2,type_2,color_2,x_2,y_2,x_vel_2,y_vel_2,angle_2,kind,id_1,type_1,color_1,x_1,y_1,x_vel_1,y_vel_1,angle_1,id_2,type_2,color_2,x_2,y_2,x_vel_2,y_vel_2,angle_2,kind,id_1,type_1,color_1,x_1,y_1,x_vel_1,y_vel_1,angle_1,id_2,type_2,color_2,x_2,y_2,x_vel_2,y_vel_2,angle_2,kind,id_1,type_1,color_1,x_1,y_1,x_vel_1,y_vel_1,angle_1,id_2,type_2,color_2,x_2,y_2,x_vel_2,y_vel_2,angle_2,kind,id_1,type_1,color_1,x_1,y_1,x_vel_1,y_vel_1,angle_1,id_2,type_2,color_2,x_2,y_2,x_vel_2,y_vel_2,angle_2,kind,id_1,type_1,color_1,x_1,y_1,x_vel_1,y_vel_1,angle_1,id_2,type_2,color_2,x_2,y_2,x_vel_2,y_vel_2,angle_2,kind,id_1,type_1,color_1,x_1,y_1,x_vel_1,y_vel_1,angle_1,id_2,type_2,color_2,x_2,y_2,x_vel_2,y_vel_2,angle_2,kind,id_1,type_1,color_1,x_1,y_1,x_vel_1,y_vel_1,angle_1,id_2,type_2,color_2,x_2,y_2,x_vel_2,y_vel_2,angle_2,kind,id_1,type_1,color_1,x_1,y_1,x_vel_1,y_vel_1,angle_1,id_2,type_2,color_2,x_2,y_2,x_vel_2,y_vel_2,angle_2,kind,id_1,type_1,color_1,x_1,y_1,x_vel_1,y_vel_1,angle_1,id_2,type_2,color_2,x_2,y_2,x_vel_2,y_vel_2,angle_2,kind,id_1,type_1,color_1,x_1,y_1,x_vel_1,y_vel_1,angle_1,id_2,type_2,color_2,x_2,y_2,x_vel_2,y_vel_2,angle_2,kind,id_1,type_1,color_1,x_1,y_1,x_vel_1,y_vel_1,angle_1,id_2,type_2,color_2,x_2,y_2,x_vel_2,y_vel_2,angle_2,kind,id_1,type_1,color_1,x_1,y_1,x_vel_1,y_vel_1,angle_1,id_2,type_2,color_2,x_2,y_2,x_vel_2,y_vel_2,angle_2,kind,id_1,type_1,color_1,x_1,y_1,x_vel_1,y_vel_1,angle_1,id_2,type_2,color_2,x_2,y_2,x_vel_2,y_vel_2,angle_2,kind,id_1,type_1,color_1,x_1,y_1,x_vel_1,y_vel_1,angle_1,id_2,type_2,color_2,x_2,y_2,x_vel_2,y_vel_2,angle_2,kind,id_1,type_1,color_1,x_1,y_1,x_vel_1,y_vel_1,angle_1,id_2,type_2,color_2,x_2,y_2,x_vel_2,y_vel_2,angle_2,kind,id_1,type_1,color_1,x_1,y_1,x_vel_1,y_vel_1,angle_1,id_2,type_2,color_2,x_2,y_2,x_vel_2,y_vel_2,angle_2,kind,id_1,type_1,color_1,x_1,y_1,x_vel_1,y_vel_1,angle_1,id_2,type_2,color_2,x_2,y_2,x_vel_2,y_vel_2,angle_2,kind,id_1,type_1,color_1,x_1,y_1,x_vel_1,y_vel_1,angle_1,id_2,type_2,color_2,x_2,y_2,x_vel_2,y_vel_2,angle_2,kind,id_1,type_1,color_1,x_1,y_1,x_vel_1,y_vel_1,angle_1,id_2,type_2,color_2,x_2,y_2,x_vel_2,y_vel_2,angle_2,kind,id_1,type_1,color_1,x_1,y_1,x_vel_1,y_vel_1,angle_1,id_2,type_2,color_2,x_2,y_2,x_vel_2,y_vel_2,angle_2,kind,id_1,type_1,color_1,x_1,y_1,x_vel_1,y_vel_1,angle_1,id_2,type_2,color_2,x_2,y_2,x_vel_2,y_vel_2,angle_2,kind,id_1,type_1,color_1,x_1,y_1,x_vel_1,y_vel_1,angle_1,id_2,type_2,color_2,x_2,y_2,x_vel_2,y_vel_2,angle_2,kind,id_1,type_1,color_1,x_1,y_1,x_vel_1,y_vel_1,angle_1,id_2,type_2,color_2,x_2,y_2,x_vel_2,y_vel_2,angle_2,kind,id_1,type_1,color_1,x_1,y_1,x_vel_1,y_vel_1,angle_1,id_2,type_2,color_2,x_2,y_2,x_vel_2,y_vel_2,angle_2,kind,id_1,type_1,color_1,x_1,y_1,x_vel_1,y_vel_1,angle_1,id_2,type_2,color_2,x_2,y_2,x_vel_2,y_vel_2,angle_2,kind,id_1,type_1,color_1,x_1,y_1,x_vel_1,y_vel_1,angle_1,id_2,type_2,color_2,x_2,y_2,x_vel_2,y_vel_2,angle_2,kind,id_1,type_1,color_1,x_1,y_1,x_vel_1,y_vel_1,angle_1,id_2,type_2,color_2,x_2,y_2,x_vel_2,y_vel_2,angle_2,kind,id_1,type_1,color_1,x_1,y_1,x_vel_1,y_vel_1,angle_1,id_2,type_2,color_2,x_2,y_2,x_vel_2,y_vel_2,angle_2,kind,id_1,type_1,color_1,x_1,y_1,x_vel_1,y_vel_1,angle_1,id_2,type_2,color_2,x_2,y_2,x_vel_2,y_vel_2,angle_2,kind,id_1,type_1,color_1,x_1,y_1,x_vel_1,y_vel_1,angle_1,id_2,type_2,color_2,x_2,y_2,x_vel_2,y_vel_2,angle_2,kind,id_1,type_1,color_1,x_1,y_1,x_vel_1,y_vel_1,angle_1,id_2,type_2,color_2,x_2,y_2,x_vel_2,y_vel_2,angle_2,kind,id_1,type_1,color_1,x_1,y_1,x_vel_1,y_vel_1,angle_1,id_2,type_2,color_2,x_2,y_2,x_vel_2,y_vel_2,angle_2,kind,id_1,type_1,color_1,x_1,y_1,x_vel_1,y_vel_1,angle_1,id_2,type_2,color_2,x_2,y_2,x_vel_2,y_vel_2,angle_2,kind,id_1,type_1,color_1,x_1,y_1,x_vel_1,y_vel_1,angle_1,id_2,type_2,color_2,x_2,y_2,x_vel_2,y_vel_2,angle_2,kind,id_1,type_1,color_1,x_1,y_1,x_vel_1,y_vel_1,angle_1,id_2,type_2,color_2,x_2,y_2,x_vel_2,y_vel_2,angle_2,kind,id_1,type_1,color_1,x_1,y_1,x_vel_1,y_vel_1,angle_1,id_2,type_2,color_2,x_2,y_2,x_vel_2,y_vel_2,angle_2,kind,id_1,type_1,color_1,x_1,y_1,x_vel_1,y_vel_1,angle_1,id_2,type_2,color_2,x_2,y_2,x_vel_2,y_vel_2,angle_2,kind,id_1,type_1,color_1,x_1,y_1,x_vel_1,y_vel_1,angle_1,id_2,type_2,color_2,x_2,y_2,x_vel_2,y_vel_2,angle_2,kind,id_1,type_1,color_1,x_1,y_1,x_vel_1,y_vel_1,angle_1,id_2,type_2,color_2,x_2,y_2,x_vel_2,y_vel_2,angle_2,kind,id_1,type_1,color_1,x_1,y_1,x_vel_1,y_vel_1,angle_1,id_2,type_2,color_2,x_2,y_2,x_vel_2,y_vel_2,angle_2,kind,id_1,type_1,color_1,x_1,y_1,x_vel_1,y_vel_1,angle_1,id_2,type_2,color_2,x_2,y_2,x_vel_2,y_vel_2,angle_2,kind,id_1,type_1,color_1,x_1,y_1,x_vel_1,y_vel_1,angle_1,id_2,type_2,color_2,x_2,y_2,x_vel_2,y_vel_2,angle_2,kind,id_1,type_1,color_1,x_1,y_1,x_vel_1,y_vel_1,angle_1,id_2,type_2,color_2,x_2,y_2,x_vel_2,y_vel_2,angle_2,kind,id_1,type_1,color_1,x_1,y_1,x_vel_1,y_vel_1,angle_1,id_2,type_2,color_2,x_2,y_2,x_vel_2,y_vel_2,angle_2,kind,id_1,type_1,color_1,x_1,y_1,x_vel_1,y_vel_1,angle_1,id_2,type_2,color_2,x_2,y_2,x_vel_2,y_vel_2,angle_2,kind,id_1,type_1,color_1,x_1,y_1,x_vel_1,y_vel_1,angle_1,id_2,type_2,color_2,x_2,y_2,x_vel_2,y_vel_2,angle_2,kind,id_1,type_1,color_1,x_1,y_1,x_vel_1,y_vel_1,angle_1,id_2,type_2,color_2,x_2,y_2,x_vel_2,y_vel_2,angle_2,kind,id_1,type_1,color_1,x_1,y_1,x_vel_1,y_vel_1,angle_1,id_2,type_2,color_2,x_2,y_2,x_vel_2,y_vel_2,angle_2,kind,id_1,type_1,color_1,x_1,y_1,x_vel_1,y_vel_1,angle_1,id_2,type_2,color_2,x_2,y_2,x_vel_2,y_vel_2,angle_2,kind,id_1,type_1,color_1,x_1,y_1,x_vel_1,y_vel_1,angle_1,id_2,type_2,color_2,x_2,y_2,x_vel_2,y_vel_2,angle_2,kind,id_1,type_1,color_1,x_1,y_1,x_vel_1,y_vel_1,angle_1,id_2,type_2,color_2,x_2,y_2,x_vel_2,y_vel_2,angle_2,kind,id_1,type_1,color_1,x_1,y_1,x_vel_1,y_vel_1,angle_1,id_2,type_2,color_2,x_2,y_2,x_vel_2,y_vel_2,angle_2,kind,id_1,type_1,color_1,x_1,y_1,x_vel_1,y_vel_1,angle_1,id_2,type_2,color_2,x_2,y_2,x_vel_2,y_vel_2,angle_2,kind,id_1,type_1,color_1,x_1,y_1,x_vel_1,y_vel_1,angle_1,id_2,type_2,color_2,x_2,y_2,x_vel_2,y_vel_2,angle_2,kind,id_1,type_1,color_1,x_1,y_1,x_vel_1,y_vel_1,angle_1,id_2,type_2,color_2,x_2,y_2,x_vel_2,y_vel_2,angle_2,kind,id_1,type_1,color_1,x_1,y_1,x_vel_1,y_vel_1,angle_1,id_2,type_2,color_2,x_2,y_2,x_vel_2,y_vel_2,angle_2,kind,id_1,type_1,color_1,x_1,y_1,x_vel_1,y_vel_1,angle_1,id_2,type_2,color_2,x_2,y_2,x_vel_2,y_vel_2,angle_2,kind,id_1,type_1,color_1,x_1,y_1,x_vel_1,y_vel_1,angle_1,id_2,type_2,color_2,x_2,y_2,x_vel_2,y_vel_2,angle_2,kind,id_1,type_1,color_1,x_1,y_1,x_vel_1,y_vel_1,angle_1,id_2,type_2,color_2,x_2,y_2,x_vel_2,y_vel_2,angle_2,kind,id_1,type_1,color_1,x_1,y_1,x_vel_1,y_vel_1,angle_1,id_2,type_2,color_2,x_2,y_2,x_vel_2,y_vel_2,angle_2,kind,id_1,type_1,color_1,x_1,y_1,x_vel_1,y_vel_1,angle_1,id_2,type_2,color_2,x_2,y_2,x_vel_2,y_vel_2,angle_2,kind,id_1,type_1,color_1,x_1,y_1,x_vel_1,y_vel_1,angle_1,id_2,type_2,color_2,x_2,y_2,x_vel_2,y_vel_2,angle_2,kind,id_1,type_1,color_1,x_1,y_1,x_vel_1,y_vel_1,angle_1,id_2,type_2,color_2,x_2,y_2,x_vel_2,y_vel_2,angle_2,kind,id_1,type_1,color_1,x_1,y_1,x_vel_1,y_vel_1,angle_1,id_2,type_2,color_2,x_2,y_2,x_vel_2,y_vel_2,angle_2,kind,id_1,type_1,color_1,x_1,y_1,x_vel_1,y_vel_1,angle_1,id_2,type_2,color_2,x_2,y_2,x_vel_2,y_vel_2,angle_2,kind,id_1,type_1,color_1,x_1,y_1,x_vel_1,y_vel_1,angle_1,id_2,type_2,color_2,x_2,y_2,x_vel_2,y_vel_2,angle_2,kind,id_1,type_1,color_1,x_1,y_1,x_vel_1,y_vel_1,angle_1,id_2,type_2,color_2,x_2,y_2,x_vel_2,y_vel_2,angle_2,kind,id_1,type_1,color_1,x_1,y_1,x_vel_1,y_vel_1,angle_1,id_2,type_2,color_2,x_2,y_2,x_vel_2,y_vel_2,angle_2,kind,id_1,type_1,color_1,x_1,y_1,x_vel_1,y_vel_1,angle_1,id_2,type_2,color_2,x_2,y_2,x_vel_2,y_vel_2,angle_2,kind,id_1,type_1,color_1,x_1,y_1,x_vel_1,y_vel_1,angle_1,id_2,type_2,color_2,x_2,y_2,x_vel_2,y_vel_2,angle_2,kind,id_1,type_1,color_1,x_1,y_1,x_vel_1,y_vel_1,angle_1,id_2,type_2,color_2,x_2,y_2,x_vel_2,y_vel_2,angle_2,kind,id_1,type_1,color_1,x_1,y_1,x_vel_1,y_vel_1,angle_1,id_2,type_2,color_2,x_2,y_2,x_vel_2,y_vel_2,angle_2,kind,id_1,type_1,color_1,x_1,y_1,x_vel_1,y_vel_1,angle_1,id_2,type_2,color_2,x_2,y_2,x_vel_2,y_vel_2,angle_2,kind,id_1,type_1,color_1,x_1,y_1,x_vel_1,y_vel_1,angle_1,id_2,type_2,color_2,x_2,y_2,x_vel_2,y_vel_2,angle_2,kind,id_1,type_1,color_1,x_1,y_1,x_vel_1,y_vel_1,angle_1,id_2,type_2,color_2,x_2,y_2,x_vel_2,y_vel_2,angle_2,kind,id_1,type_1,color_1,x_1,y_1,x_vel_1,y_vel_1,angle_1,id_2,type_2,color_2,x_2,y_2,x_vel_2,y_vel_2,angle_2,kind,id_1,type_1,color_1,x_1,y_1,x_vel_1,y_vel_1,angle_1,id_2,type_2,color_2,x_2,y_2,x_vel_2,y_vel_2,angle_2,kind,id_1,type_1,color_1,x_1,y_1,x_vel_1,y_vel_1,angle_1,id_2,type_2,color_2,x_2,y_2,x_vel_2,y_vel_2,angle_2,kind,id_1,type_1,color_1,x_1,y_1,x_vel_1,y_vel_1,angle_1,id_2,type_2,color_2,x_2,y_2,x_vel_2,y_vel_2,angle_2,kind,id_1,type_1,color_1,x_1,y_1,x_vel_1,y_vel_1,angle_1,id_2,type_2,color_2,x_2,y_2,x_vel_2,y_vel_2,angle_2,kind,id_1,type_1,color_1,x_1,y_1,x_vel_1,y_vel_1,angle_1,id_2,type_2,color_2,x_2,y_2,x_vel_2,y_vel_2,angle_2,kind,id_1,type_1,color_1,x_1,y_1,x_vel_1,y_vel_1,angle_1,id_2,type_2,color_2,x_2,y_2,x_vel_2,y_vel_2,angle_2,kind,id_1,type_1,color_1,x_1,y_1,x_vel_1,y_vel_1,angle_1,id_2,type_2,color_2,x_2,y_2,x_vel_2,y_vel_2,angle_2,kind,id_1,type_1,color_1,x_1,y_1,x_vel_1,y_vel_1,angle_1,id_2,type_2,color_2,x_2,y_2,x_vel_2,y_vel_2,angle_2,kind,id_1,type_1,color_1,x_1,y_1,x_vel_1,y_vel_1,angle_1,id_2,type_2,color_2,x_2,y_2,x_vel_2,y_vel_2,angle_2,kind,id_1,type_1,color_1,x_1,y_1,x_vel_1,y_vel_1,angle_1,id_2,type_2,color_2,x_2,y_2,x_vel_2,y_vel_2,angle_2,kind,id_1,type_1,color_1,x_1,y_1,x_vel_1,y_vel_1,angle_1,id_2,type_2,color_2,x_2,y_2,x_vel_2,y_vel_2,angle_2,kind,id_1,type_1,color_1,x_1,y_1,x_vel_1,y_vel_1,angle_1,id_2,type_2,color_2,x_2,y_2,x_vel_2,y_vel_2,angle_2,kind,id_1,type_1,color_1,x_1,y_1,x_vel_1,y_vel_1,angle_1,id_2,type_2,color_2,x_2,y_2,x_vel_2,y_vel_2,angle_2,kind,id_1,type_1,color_1,x_1,y_1,x_vel_1,y_vel_1,angle_1,id_2,type_2,color_2,x_2,y_2,x_vel_2,y_vel_2,angle_2,kind,id_1,type_1,color_1,x_1,y_1,x_vel_1,y_vel_1,angle_1,id_2,type_2,color_2,x_2,y_2,x_vel_2,y_vel_2,angle_2,kind,id_1,type_1,color_1,x_1,y_1,x_vel_1,y_vel_1,angle_1,id_2,type_2,color_2,x_2,y_2,x_vel_2,y_vel_2,angle_2,kind,id_1,type_1,color_1,x_1,y_1,x_vel_1,y_vel_1,angle_1,id_2,type_2,color_2,x_2,y_2,x_vel_2,y_vel_2,angle_2,kind,id_1,type_1,color_1,x_1,y_1,x_vel_1,y_vel_1,angle_1,id_2,type_2,color_2,x_2,y_2,x_vel_2,y_vel_2,angle_2,kind,id_1,type_1,color_1,x_1,y_1,x_vel_1,y_vel_1,angle_1,id_2,type_2,color_2,x_2,y_2,x_vel_2,y_vel_2,angle_2,kind,id_1,type_1,color_1,x_1,y_1,x_vel_1,y_vel_1,angle_1,id_2,type_2,color_2,x_2,y_2,x_vel_2,y_vel_2,angle_2,kind,id_1,type_1,color_1,x_1,y_1,x_vel_1,y_vel_1,angle_1,id_2,type_2,color_2,x_2,y_2,x_vel_2,y_vel_2,angle_2,kind,id_1,type_1,color_1,x_1,y_1,x_vel_1,y_vel_1,angle_1,id_2,type_2,color_2,x_2,y_2,x_vel_2,y_vel_2,angle_2,kind,id_1,type_1,color_1,x_1,y_1,x_vel_1,y_vel_1,angle_1,id_2,type_2,color_2,x_2,y_2,x_vel_2,y_vel_2,angle_2,kind,id_1,type_1,color_1,x_1,y_1,x_vel_1,y_vel_1,angle_1,id_2,type_2,color_2,x_2,y_2,x_vel_2,y_vel_2,angle_2,kind,id_1,type_1,color_1,x_1,y_1,x_vel_1,y_vel_1,angle_1,id_2,type_2,color_2,x_2,y_2,x_vel_2,y_vel_2,angle_2,kind,id_1,type_1,color_1,x_1,y_1,x_vel_1,y_vel_1,angle_1,id_2,type_2,color_2,x_2,y_2,x_vel_2,y_vel_2,angle_2,kind,id_1,type_1,color_1,x_1,y_1,x_vel_1,y_vel_1,angle_1,id_2,type_2,color_2,x_2,y_2,x_vel_2,y_vel_2,angle_2,kind,id_1,type_1,color_1,x_1,y_1,x_vel_1,y_vel_1,angle_1,id_2,type_2,color_2,x_2,y_2,x_vel_2,y_vel_2,angle_2,kind,id_1,type_1,color_1,x_1,y_1,x_vel_1,y_vel_1,angle_1,id_2,type_2,color_2,x_2,y_2,x_vel_2,y_vel_2,angle_2,kind,id_1,type_1,color_1,x_1,y_1,x_vel_1,y_vel_1,angle_1,id_2,type_2,color_2,x_2,y_2,x_vel_2,y_vel_2,angle_2,kind,id_1,type_1,color_1,x_1,y_1,x_vel_1,y_vel_1,angle_1,id_2,type_2,color_2,x_2,y_2,x_vel_2,y_vel_2,angle_2,kind,id_1,type_1,color_1,x_1,y_1,x_vel_1,y_vel_1,angle_1,id_2,type_2,color_2,x_2,y_2,x_vel_2,y_vel_2,angle_2,kind,id_1,type_1,color_1,x_1,y_1,x_vel_1,y_vel_1,angle_1,id_2,type_2,color_2,x_2,y_2,x_vel_2,y_vel_2,angle_2,kind,id_1,type_1,color_1,x_1,y_1,x_vel_1,y_vel_1,angle_1,id_2,type_2,color_2,x_2,y_2,x_vel_2,y_vel_2,angle_2,kind,id_1,type_1,color_1,x_1,y_1,x_vel_1,y_vel_1,angle_1,id_2,type_2,color_2,x_2,y_2,x_vel_2,y_vel_2,angle_2,kind,id_1,type_1,color_1,x_1,y_1,x_vel_1,y_vel_1,angle_1,id_2,type_2,color_2,x_2,y_2,x_vel_2,y_vel_2,angle_2,kind,id_1,type_1,color_1,x_1,y_1,x_vel_1,y_vel_1,angle_1,id_2,type_2,color_2,x_2,y_2,x_vel_2,y_vel_2,angle_2,kind,id_1,type_1,color_1,x_1,y_1,x_vel_1,y_vel_1,angle_1,id_2,type_2,color_2,x_2,y_2,x_vel_2,y_vel_2,angle_2,kind,id_1,type_1,color_1,x_1,y_1,x_vel_1,y_vel_1,angle_1,id_2,type_2,color_2,x_2,y_2,x_vel_2,y_vel_2,angle_2,kind,id_1,type_1,color_1,x_1,y_1,x_vel_1,y_vel_1,angle_1,id_2,type_2,color_2,x_2,y_2,x_vel_2,y_vel_2,angle_2,kind,id_1,type_1,color_1,x_1,y_1,x_vel_1,y_vel_1,angle_1,id_2,type_2,color_2,x_2,y_2,x_vel_2,y_vel_2,angle_2,kind,id_1,type_1,color_1,x_1,y_1,x_vel_1,y_vel_1,angle_1,id_2,type_2,color_2,x_2,y_2,x_vel_2,y_vel_2,angle_2,kind,id_1,type_1,color_1,x_1,y_1,x_vel_1,y_vel_1,angle_1,id_2,type_2,color_2,x_2,y_2,x_vel_2,y_vel_2,angle_2,kind,id_1,type_1,color_1,x_1,y_1,x_vel_1,y_vel_1,angle_1,id_2,type_2,color_2,x_2,y_2,x_vel_2,y_vel_2,angle_2,kind,id_1,type_1,color_1,x_1,y_1,x_vel_1,y_vel_1,angle_1,id_2,type_2,color_2,x_2,y_2,x_vel_2,y_vel_2,angle_2,kind,id_1,type_1,color_1,x_1,y_1,x_vel_1,y_vel_1,angle_1,id_2,type_2,color_2,x_2,y_2,x_vel_2,y_vel_2,angle_2,kind,id_1,type_1,color_1,x_1,y_1,x_vel_1,y_vel_1,angle_1,id_2,type_2,color_2,x_2,y_2,x_vel_2,y_vel_2,angle_2,kind,id_1,type_1,color_1,x_1,y_1,x_vel_1,y_vel_1,angle_1,id_2,type_2,color_2,x_2,y_2,x_vel_2,y_vel_2,angle_2,kind,id_1,type_1,color_1,x_1,y_1,x_vel_1,y_vel_1,angle_1,id_2,type_2,color_2,x_2,y_2,x_vel_2,y_vel_2,angle_2,kind,id_1,type_1,color_1,x_1,y_1,x_vel_1,y_vel_1,angle_1,id_2,type_2,color_2,x_2,y_2,x_vel_2,y_vel_2,angle_2,kind,id_1,type_1,color_1,x_1,y_1,x_vel_1,y_vel_1,angle_1,id_2,type_2,color_2,x_2,y_2,x_vel_2,y_vel_2,angle_2,kind,id_1,type_1,color_1,x_1,y_1,x_vel_1,y_vel_1,angle_1,id_2,type_2,color_2,x_2,y_2,x_vel_2,y_vel_2,angle_2,kind,id_1,type_1,color_1,x_1,y_1,x_vel_1,y_vel_1,angle_1,id_2,type_2,color_2,x_2,y_2,x_vel_2,y_vel_2,angle_2,kind,id_1,type_1,color_1,x_1,y_1,x_vel_1,y_vel_1,angle_1,id_2,type_2,color_2,x_2,y_2,x_vel_2,y_vel_2,angle_2,kind,id_1,type_1,color_1,x_1,y_1,x_vel_1,y_vel_1,angle_1,id_2,type_2,color_2,x_2,y_2,x_vel_2,y_vel_2,angle_2,kind,id_1,type_1,color_1,x_1,y_1,x_vel_1,y_vel_1,angle_1,id_2,type_2,color_2,x_2,y_2,x_vel_2,y_vel_2,angle_2,kind,id_1,type_1,color_1,x_1,y_1,x_vel_1,y_vel_1,angle_1,id_2,type_2,color_2,x_2,y_2,x_vel_2,y_vel_2,angle_2,kind,id_1,type_1,color_1,x_1,y_1,x_vel_1,y_vel_1,angle_1,id_2,type_2,color_2,x_2,y_2,x_vel_2,y_vel_2,angle_2,kind,id_1,type_1,color_1,x_1,y_1,x_vel_1,y_vel_1,angle_1,id_2,type_2,color_2,x_2,y_2,x_vel_2,y_vel_2,angle_2,kind,id_1,type_1,color_1,x_1,y_1,x_vel_1,y_vel_1,angle_1,id_2,type_2,color_2,x_2,y_2,x_vel_2,y_vel_2,angle_2,kind,id_1,type_1,color_1,x_1,y_1,x_vel_1,y_vel_1,angle_1,id_2,type_2,color_2,x_2,y_2,x_vel_2,y_vel_2,angle_2,kind,id_1,type_1,color_1,x_1,y_1,x_vel_1,y_vel_1,angle_1,id_2,type_2,color_2,x_2,y_2,x_vel_2,y_vel_2,angle_2,kind,id_1,type_1,color_1,x_1,y_1,x_vel_1,y_vel_1,angle_1,id_2,type_2,color_2,x_2,y_2,x_vel_2,y_vel_2,angle_2,kind,id_1,type_1,color_1,x_1,y_1,x_vel_1,y_vel_1,angle_1,id_2,type_2,color_2,x_2,y_2,x_vel_2,y_vel_2,angle_2,kind,id_1,type_1,color_1,x_1,y_1,x_vel_1,y_vel_1,angle_1,id_2,type_2,color_2,x_2,y_2,x_vel_2,y_vel_2,angle_2,kind,id_1,type_1,color_1,x_1,y_1,x_vel_1,y_vel_1,angle_1,id_2,type_2,color_2,x_2,y_2,x_vel_2,y_vel_2,angle_2,kind,id_1,type_1,color_1,x_1,y_1,x_vel_1,y_vel_1,angle_1,id_2,type_2,color_2,x_2,y_2,x_vel_2,y_vel_2,angle_2,kind,id_1,type_1,color_1,x_1,y_1,x_vel_1,y_vel_1,angle_1,id_2,type_2,color_2,x_2,y_2,x_vel_2,y_vel_2,angle_2,kind,id_1,type_1,color_1,x_1,y_1,x_vel_1,y_vel_1,angle_1,id_2,type_2,color_2,x_2,y_2,x_vel_2,y_vel_2,angle_2,kind,id_1,type_1,color_1,x_1,y_1,x_vel_1,y_vel_1,angle_1,id_2,type_2,color_2,x_2,y_2,x_vel_2,y_vel_2,angle_2,kind,id_1,type_1,color_1,x_1,y_1,x_vel_1,y_vel_1,angle_1,id_2,type_2,color_2,x_2,y_2,x_vel_2,y_vel_2,angle_2,kind,id_1,type_1,color_1,x_1,y_1,x_vel_1,y_vel_1,angle_1,id_2,type_2,color_2,x_2,y_2,x_vel_2,y_vel_2,angle_2,kind,id_1,type_1,color_1,x_1,y_1,x_vel_1,y_vel_1,angle_1,id_2,type_2,color_2,x_2,y_2,x_vel_2,y_vel_2,angle_2,kind,id_1,type_1,color_1,x_1,y_1,x_vel_1,y_vel_1,angle_1,id_2,type_2,color_2,x_2,y_2,x_vel_2,y_vel_2,angle_2,kind,id_1,type_1,color_1,x_1,y_1,x_vel_1,y_vel_1,angle_1,id_2,type_2,color_2,x_2,y_2,x_vel_2,y_vel_2,angle_2,kind,id_1,type_1,color_1,x_1,y_1,x_vel_1,y_vel_1,angle_1,id_2,type_2,color_2,x_2,y_2,x_vel_2,y_vel_2,angle_2,kind,id_1,type_1,color_1,x_1,y_1,x_vel_1,y_vel_1,angle_1,id_2,type_2,color_2,x_2,y_2,x_vel_2,y_vel_2,angle_2,kind,id_1,type_1,color_1,x_1,y_1,x_vel_1,y_vel_1,angle_1,id_2,type_2,color_2,x_2,y_2,x_vel_2,y_vel_2,angle_2,kind,id_1,type_1,color_1,x_1,y_1,x_vel_1,y_vel_1,angle_1,id_2,type_2,color_2,x_2,y_2,x_vel_2,y_vel_2,angle_2,kind,id_1,type_1,color_1,x_1,y_1,x_vel_1,y_vel_1,angle_1,id_2,type_2,color_2,x_2,y_2,x_vel_2,y_vel_2,angle_2,kind,id_1,type_1,color_1,x_1,y_1,x_vel_1,y_vel_1,angle_1,id_2,type_2,color_2,x_2,y_2,x_vel_2,y_vel_2,angle_2,kind,id_1,type_1,color_1,x_1,y_1,x_vel_1,y_vel_1,angle_1,id_2,type_2,color_2,x_2,y_2,x_vel_2,y_vel_2,angle_2,kind,id_1,type_1,color_1,x_1,y_1,x_vel_1,y_vel_1,angle_1,id_2,type_2,color_2,x_2,y_2,x_vel_2,y_vel_2,angle_2,kind,id_1,type_1,color_1,x_1,y_1,x_vel_1,y_vel_1,angle_1,id_2,type_2,color_2,x_2,y_2,x_vel_2,y_vel_2,angle_2,kind,id_1,type_1,color_1,x_1,y_1,x_vel_1,y_vel_1,angle_1,id_2,type_2,color_2,x_2,y_2,x_vel_2,y_vel_2,angle_2,kind,id_1,type_1,color_1,x_1,y_1,x_vel_1,y_vel_1,angle_1,id_2,type_2,color_2,x_2,y_2,x_vel_2,y_vel_2,angle_2,kind,id_1,type_1,color_1,x_1,y_1,x_vel_1,y_vel_1,angle_1,id_2,type_2,color_2,x_2,y_2,x_vel_2,y_vel_2,angle_2,kind,id_1,type_1,color_1,x_1,y_1,x_vel_1,y_vel_1,angle_1,id_2,type_2,color_2,x_2,y_2,x_vel_2,y_vel_2,angle_2,kind,id_1,type_1,color_1,x_1,y_1,x_vel_1,y_vel_1,angle_1,id_2,type_2,color_2,x_2,y_2,x_vel_2,y_vel_2,angle_2,kind,id_1,type_1,color_1,x_1,y_1,x_vel_1,y_vel_1,angle_1,id_2,type_2,color_2,x_2,y_2,x_vel_2,y_vel_2,angle_2,kind,id_1,type_1,color_1,x_1,y_1,x_vel_1,y_vel_1,angle_1,id_2,type_2,color_2,x_2,y_2,x_vel_2,y_vel_2,angle_2,kind,id_1,type_1,color_1,x_1,y_1,x_vel_1,y_vel_1,angle_1,id_2,type_2,color_2,x_2,y_2,x_vel_2,y_vel_2,angle_2,kind,id_1,type_1,color_1,x_1,y_1,x_vel_1,y_vel_1,angle_1,id_2,type_2,color_2,x_2,y_2,x_vel_2,y_vel_2,angle_2,kind,id_1,type_1,color_1,x_1,y_1,x_vel_1,y_vel_1,angle_1,id_2,type_2,color_2,x_2,y_2,x_vel_2,y_vel_2,angle_2,kind,id_1,type_1,color_1,x_1,y_1,x_vel_1,y_vel_1,angle_1,id_2,type_2,color_2,x_2,y_2,x_vel_2,y_vel_2,angle_2,kind,id_1,type_1,color_1,x_1,y_1,x_vel_1,y_vel_1,angle_1,id_2,type_2,color_2,x_2,y_2,x_vel_2,y_vel_2,angle_2,kind,id_1,type_1,color_1,x_1,y_1,x_vel_1,y_vel_1,angle_1,id_2,type_2,color_2,x_2,y_2,x_vel_2,y_vel_2,angle_2,kind,id_1,type_1,color_1,x_1,y_1,x_vel_1,y_vel_1,angle_1,id_2,type_2,color_2,x_2,y_2,x_vel_2,y_vel_2,angle_2,kind,id_1,type_1,color_1,x_1,y_1,x_vel_1,y_vel_1,angle_1,id_2,type_2,color_2,x_2,y_2,x_vel_2,y_vel_2,angle_2,kind,id_1,type_1,color_1,x_1,y_1,x_vel_1,y_vel_1,angle_1,id_2,type_2,color_2,x_2,y_2,x_vel_2,y_vel_2,angle_2,kind,id_1,type_1,color_1,x_1,y_1,x_vel_1,y_vel_1,angle_1,id_2,type_2,color_2,x_2,y_2,x_vel_2,y_vel_2,angle_2,kind,id_1,type_1,color_1,x_1,y_1,x_vel_1,y_vel_1,angle_1,id_2,type_2,color_2,x_2,y_2,x_vel_2,y_vel_2,angle_2,kind,id_1,type_1,color_1,x_1,y_1,x_vel_1,y_vel_1,angle_1,id_2,type_2,color_2,x_2,y_2,x_vel_2,y_vel_2,angle_2,kind,id_1,type_1,color_1,x_1,y_1,x_vel_1,y_vel_1,angle_1,id_2,type_2,color_2,x_2,y_2,x_vel_2,y_vel_2,angle_2,kind,id_1,type_1,color_1,x_1,y_1,x_vel_1,y_vel_1,angle_1,id_2,type_2,color_2,x_2,y_2,x_vel_2,y_vel_2,angle_2,kind,id_1,type_1,color_1,x_1,y_1,x_vel_1,y_vel_1,angle_1,id_2,type_2,color_2,x_2,y_2,x_vel_2,y_vel_2,angle_2,kind,id_1,type_1,color_1,x_1,y_1,x_vel_1,y_vel_1,angle_1,id_2,type_2,color_2,x_2,y_2,x_vel_2,y_vel_2,angle_2,kind,id_1,type_1,color_1,x_1,y_1,x_vel_1,y_vel_1,angle_1,id_2,type_2,color_2,x_2,y_2,x_vel_2,y_vel_2,angle_2,kind,id_1,type_1,color_1,x_1,y_1,x_vel_1,y_vel_1,angle_1,id_2,type_2,color_2,x_2,y_2,x_vel_2,y_vel_2,angle_2,kind,id_1,type_1,color_1,x_1,y_1,x_vel_1,y_vel_1,angle_1,id_2,type_2,color_2,x_2,y_2,x_vel_2,y_vel_2,angle_2,kind,id_1,type_1,color_1,x_1,y_1,x_vel_1,y_vel_1,angle_1,id_2,type_2,color_2,x_2,y_2,x_vel_2,y_vel_2,angle_2,kind,id_1,type_1,color_1,x_1,y_1,x_vel_1,y_vel_1,angle_1,id_2,type_2,color_2,x_2,y_2,x_vel_2,y_vel_2,angle_2,kind,id_1,type_1,color_1,x_1,y_1,x_vel_1,y_vel_1,angle_1,id_2,type_2,color_2,x_2,y_2,x_vel_2,y_vel_2,angle_2,kind,id_1,type_1,color_1,x_1,y_1,x_vel_1,y_vel_1,angle_1,id_2,type_2,color_2,x_2,y_2,x_vel_2,y_vel_2,angle_2,kind,id_1,type_1,color_1,x_1,y_1,x_vel_1,y_vel_1,angle_1,id_2,type_2,color_2,x_2,y_2,x_vel_2,y_vel_2,angle_2,kind,id_1,type_1,color_1,x_1,y_1,x_vel_1,y_vel_1,angle_1,id_2,type_2,color_2,x_2,y_2,x_vel_2,y_vel_2,angle_2,kind,id_1,type_1,color_1,x_1,y_1,x_vel_1,y_vel_1,angle_1,id_2,type_2,color_2,x_2,y_2,x_vel_2,y_vel_2,angle_2,kind,id_1,type_1,color_1,x_1,y_1,x_vel_1,y_vel_1,angle_1,id_2,type_2,color_2,x_2,y_2,x_vel_2,y_vel_2,angle_2,kind,id_1,type_1,color_1,x_1,y_1,x_vel_1,y_vel_1,angle_1,id_2,type_2,color_2,x_2,y_2,x_vel_2,y_vel_2,angle_2,kind,id_1,type_1,color_1,x_1,y_1,x_vel_1,y_vel_1,angle_1,id_2,type_2,color_2,x_2,y_2,x_vel_2,y_vel_2,angle_2,kind,id_1,type_1,color_1,x_1,y_1,x_vel_1,y_vel_1,angle_1,id_2,type_2,color_2,x_2,y_2,x_vel_2,y_vel_2,angle_2,kind,id_1,type_1,color_1,x_1,y_1,x_vel_1,y_vel_1,angle_1,id_2,type_2,color_2,x_2,y_2,x_vel_2,y_vel_2,angle_2,kind,id_1,type_1,color_1,x_1,y_1,x_vel_1,y_vel_1,angle_1,id_2,type_2,color_2,x_2,y_2,x_vel_2,y_vel_2,angle_2,kind,id_1,type_1,color_1,x_1,y_1,x_vel_1,y_vel_1,angle_1,id_2,type_2,color_2,x_2,y_2,x_vel_2,y_vel_2,angle_2,kind,id_1,type_1,color_1,x_1,y_1,x_vel_1,y_vel_1,angle_1,id_2,type_2,color_2,x_2,y_2,x_vel_2,y_vel_2,angle_2,kind,id_1,type_1,color_1,x_1,y_1,x_vel_1,y_vel_1,angle_1,id_2,type_2,color_2,x_2,y_2,x_vel_2,y_vel_2,angle_2,kind,id_1,type_1,color_1,x_1,y_1,x_vel_1,y_vel_1,angle_1,id_2,type_2,color_2,x_2,y_2,x_vel_2,y_vel_2,angle_2,kind,id_1,type_1,color_1,x_1,y_1,x_vel_1,y_vel_1,angle_1,id_2,type_2,color_2,x_2,y_2,x_vel_2,y_vel_2,angle_2,kind,id_1,type_1,color_1,x_1,y_1,x_vel_1,y_vel_1,angle_1,id_2,type_2,color_2,x_2,y_2,x_vel_2,y_vel_2,angle_2,kind,id_1,type_1,color_1,x_1,y_1,x_vel_1,y_vel_1,angle_1,id_2,type_2,color_2,x_2,y_2,x_vel_2,y_vel_2,angle_2,kind,id_1,type_1,color_1,x_1,y_1,x_vel_1,y_vel_1,angle_1,id_2,type_2,color_2,x_2,y_2,x_vel_2,y_vel_2,angle_2,kind,id_1,type_1,color_1,x_1,y_1,x_vel_1,y_vel_1,angle_1,id_2,type_2,color_2,x_2,y_2,x_vel_2,y_vel_2,angle_2,kind,id_1,type_1,color_1,x_1,y_1,x_vel_1,y_vel_1,angle_1,id_2,type_2,color_2,x_2,y_2,x_vel_2,y_vel_2,angle_2,kind,id_1,type_1,color_1,x_1,y_1,x_vel_1,y_vel_1,angle_1,id_2,type_2,color_2,x_2,y_2,x_vel_2,y_vel_2,angle_2,kind,id_1,type_1,color_1,x_1,y_1,x_vel_1,y_vel_1,angle_1,id_2,type_2,color_2,x_2,y_2,x_vel_2,y_vel_2,angle_2,kind,id_1,type_1,color_1,x_1,y_1,x_vel_1,y_vel_1,angle_1,id_2,type_2,color_2,x_2,y_2,x_vel_2,y_vel_2,angle_2,kind,id_1,type_1,color_1,x_1,y_1,x_vel_1,y_vel_1,angle_1,id_2,type_2,color_2,x_2,y_2,x_vel_2,y_vel_2,angle_2,kind,id_1,type_1,color_1,x_1,y_1,x_vel_1,y_vel_1,angle_1,id_2,type_2,color_2,x_2,y_2,x_vel_2,y_vel_2,angle_2,kind,id_1,type_1,color_1,x_1,y_1,x_vel_1,y_vel_1,angle_1,id_2,type_2,color_2,x_2,y_2,x_vel_2,y_vel_2,angle_2,kind,id_1,type_1,color_1,x_1,y_1,x_vel_1,y_vel_1,angle_1,id_2,type_2,color_2,x_2,y_2,x_vel_2,y_vel_2,angle_2,kind,id_1,type_1,color_1,x_1,y_1,x_vel_1,y_vel_1,angle_1,id_2,type_2,color_2,x_2,y_2,x_vel_2,y_vel_2,angle_2,kind,id_1,type_1,color_1,x_1,y_1,x_vel_1,y_vel_1,angle_1,id_2,type_2,color_2,x_2,y_2,x_vel_2,y_vel_2,angle_2,kind,id_1,type_1,color_1,x_1,y_1,x_vel_1,y_vel_1,angle_1,id_2,type_2,color_2,x_2,y_2,x_vel_2,y_vel_2,angle_2,kind,id_1,type_1,color_1,x_1,y_1,x_vel_1,y_vel_1,angle_1,id_2,type_2,color_2,x_2,y_2,x_vel_2,y_vel_2,angle_2,kind,id_1,type_1,color_1,x_1,y_1,x_vel_1,y_vel_1,angle_1,id_2,type_2,color_2,x_2,y_2,x_vel_2,y_vel_2,angle_2,kind,id_1,type_1,color_1,x_1,y_1,x_vel_1,y_vel_1,angle_1,id_2,type_2,color_2,x_2,y_2,x_vel_2,y_vel_2,angle_2,kind,id_1,type_1,color_1,x_1,y_1,x_vel_1,y_vel_1,angle_1,id_2,type_2,color_2,x_2,y_2,x_vel_2,y_vel_2,angle_2,kind,id_1,type_1,color_1,x_1,y_1,x_vel_1,y_vel_1,angle_1,id_2,type_2,color_2,x_2,y_2,x_vel_2,y_vel_2,angle_2,kind,id_1,type_1,color_1,x_1,y_1,x_vel_1,y_vel_1,angle_1,id_2,type_2,color_2,x_2,y_2,x_vel_2,y_vel_2,angle_2,kind,id_1,type_1,color_1,x_1,y_1,x_vel_1,y_vel_1,angle_1,id_2,type_2,color_2,x_2,y_2,x_vel_2,y_vel_2,angle_2,kind,id_1,type_1,color_1,x_1,y_1,x_vel_1,y_vel_1,angle_1,id_2,type_2,color_2,x_2,y_2,x_vel_2,y_vel_2,angle_2,kind,id_1,type_1,color_1,x_1,y_1,x_vel_1,y_vel_1,angle_1,id_2,type_2,color_2,x_2,y_2,x_vel_2,y_vel_2,angle_2,kind,id_1,type_1,color_1,x_1,y_1,x_vel_1,y_vel_1,angle_1,id_2,type_2,color_2,x_2,y_2,x_vel_2,y_vel_2,angle_2,kind,id_1,type_1,color_1,x_1,y_1,x_vel_1,y_vel_1,angle_1,id_2,type_2,color_2,x_2,y_2,x_vel_2,y_vel_2,angle_2,kind,id_1,type_1,color_1,x_1,y_1,x_vel_1,y_vel_1,angle_1,id_2,type_2,color_2,x_2,y_2,x_vel_2,y_vel_2,angle_2,kind,id_1,type_1,color_1,x_1,y_1,x_vel_1,y_vel_1,angle_1,id_2,type_2,color_2,x_2,y_2,x_vel_2,y_vel_2,angle_2,kind,id_1,type_1,color_1,x_1,y_1,x_vel_1,y_vel_1,angle_1,id_2,type_2,color_2,x_2,y_2,x_vel_2,y_vel_2,angle_2,kind,id_1,type_1,color_1,x_1,y_1,x_vel_1,y_vel_1,angle_1,id_2,type_2,color_2,x_2,y_2,x_vel_2,y_vel_2,angle_2,kind,id_1,type_1,color_1,x_1,y_1,x_vel_1,y_vel_1,angle_1,id_2,type_2,color_2,x_2,y_2,x_vel_2,y_vel_2,angle_2,kind,id_1,type_1,color_1,x_1,y_1,x_vel_1,y_vel_1,angle_1,id_2,type_2,color_2,x_2,y_2,x_vel_2,y_vel_2,angle_2,kind,id_1,type_1,color_1,x_1,y_1,x_vel_1,y_vel_1,angle_1,id_2,type_2,color_2,x_2,y_2,x_vel_2,y_vel_2,angle_2,kind,id_1,type_1,color_1,x_1,y_1,x_vel_1,y_vel_1,angle_1,id_2,type_2,color_2,x_2,y_2,x_vel_2,y_vel_2,angle_2,kind,id_1,type_1,color_1,x_1,y_1,x_vel_1,y_vel_1,angle_1,id_2,type_2,color_2,x_2,y_2,x_vel_2,y_vel_2,angle_2,kind,id_1,type_1,color_1,x_1,y_1,x_vel_1,y_vel_1,angle_1,id_2,type_2,color_2,x_2,y_2,x_vel_2,y_vel_2,angle_2,kind,id_1,type_1,color_1,x_1,y_1,x_vel_1,y_vel_1,angle_1,id_2,type_2,color_2,x_2,y_2,x_vel_2,y_vel_2,angle_2,kind,id_1,type_1,color_1,x_1,y_1,x_vel_1,y_vel_1,angle_1,id_2,type_2,color_2,x_2,y_2,x_vel_2,y_vel_2,angle_2,kind,id_1,type_1,color_1,x_1,y_1,x_vel_1,y_vel_1,angle_1,id_2,type_2,color_2,x_2,y_2,x_vel_2,y_vel_2,angle_2,kind,id_1,type_1,color_1,x_1,y_1,x_vel_1,y_vel_1,angle_1,id_2,type_2,color_2,x_2,y_2,x_vel_2,y_vel_2,angle_2,kind,id_1,type_1,color_1,x_1,y_1,x_vel_1,y_vel_1,angle_1,id_2,type_2,color_2,x_2,y_2,x_vel_2,y_vel_2,angle_2,kind,id_1,type_1,color_1,x_1,y_1,x_vel_1,y_vel_1,angle_1,id_2,type_2,color_2,x_2,y_2,x_vel_2,y_vel_2,angle_2,kind,id_1,type_1,color_1,x_1,y_1,x_vel_1,y_vel_1,angle_1,id_2,type_2,color_2,x_2,y_2,x_vel_2,y_vel_2,angle_2,kind,id_1,type_1,color_1,x_1,y_1,x_vel_1,y_vel_1,angle_1,id_2,type_2,color_2,x_2,y_2,x_vel_2,y_vel_2,angle_2,kind,id_1,type_1,color_1,x_1,y_1,x_vel_1,y_vel_1,angle_1,id_2,type_2,color_2,x_2,y_2,x_vel_2,y_vel_2,angle_2,kind,id_1,type_1,color_1,x_1,y_1,x_vel_1,y_vel_1,angle_1,id_2,type_2,color_2,x_2,y_2,x_vel_2,y_vel_2,angle_2,kind,id_1,type_1,color_1,x_1,y_1,x_vel_1,y_vel_1,angle_1,id_2,type_2,color_2,x_2,y_2,x_vel_2,y_vel_2,angle_2,kind,id_1,type_1,color_1,x_1,y_1,x_vel_1,y_vel_1,angle_1,id_2,type_2,color_2,x_2,y_2,x_vel_2,y_vel_2,angle_2,kind,id_1,type_1,color_1,x_1,y_1,x_vel_1,y_vel_1,angle_1,id_2,type_2,color_2,x_2,y_2,x_vel_2,y_vel_2,angle_2,kind,id_1,type_1,color_1,x_1,y_1,x_vel_1,y_vel_1,angle_1,id_2,type_2,color_2,x_2,y_2,x_vel_2,y_vel_2,angle_2,kind,id_1,type_1,color_1,x_1,y_1,x_vel_1,y_vel_1,angle_1,id_2,type_2,color_2,x_2,y_2,x_vel_2,y_vel_2,angle_2,kind,id_1,type_1,color_1,x_1,y_1,x_vel_1,y_vel_1,angle_1,id_2,type_2,color_2,x_2,y_2,x_vel_2,y_vel_2,angle_2,kind,id_1,type_1,color_1,x_1,y_1,x_vel_1,y_vel_1,angle_1,id_2,type_2,color_2,x_2,y_2,x_vel_2,y_vel_2,angle_2,kind,id_1,type_1,color_1,x_1,y_1,x_vel_1,y_vel_1,angle_1,id_2,type_2,color_2,x_2,y_2,x_vel_2,y_vel_2,angle_2,kind,id_1,type_1,color_1,x_1,y_1,x_vel_1,y_vel_1,angle_1,id_2,type_2,color_2,x_2,y_2,x_vel_2,y_vel_2,angle_2,kind,id_1,type_1,color_1,x_1,y_1,x_vel_1,y_vel_1,angle_1,id_2,type_2,color_2,x_2,y_2,x_vel_2,y_vel_2,angle_2,kind,id_1,type_1,color_1,x_1,y_1,x_vel_1,y_vel_1,angle_1,id_2,type_2,color_2,x_2,y_2,x_vel_2,y_vel_2,angle_2,kind,id_1,type_1,color_1,x_1,y_1,x_vel_1,y_vel_1,angle_1,id_2,type_2,color_2,x_2,y_2,x_vel_2,y_vel_2,angle_2,kind,id_1,type_1,color_1,x_1,y_1,x_vel_1,y_vel_1,angle_1,id_2,type_2,color_2,x_2,y_2,x_vel_2,y_vel_2,angle_2,kind,id_1,type_1,color_1,x_1,y_1,x_vel_1,y_vel_1,angle_1,id_2,type_2,color_2,x_2,y_2,x_vel_2,y_vel_2,angle_2,kind,id_1,type_1,color_1,x_1,y_1,x_vel_1,y_vel_1,angle_1,id_2,type_2,color_2,x_2,y_2,x_vel_2,y_vel_2,angle_2,kind,id_1,type_1,color_1,x_1,y_1,x_vel_1,y_vel_1,angle_1,id_2,type_2,color_2,x_2,y_2,x_vel_2,y_vel_2,angle_2,kind,id_1,type_1,color_1,x_1,y_1,x_vel_1,y_vel_1,angle_1,id_2,type_2,color_2,x_2,y_2,x_vel_2,y_vel_2,angle_2,kind,id_1,type_1,color_1,x_1,y_1,x_vel_1,y_vel_1,angle_1,id_2,type_2,color_2,x_2,y_2,x_vel_2,y_vel_2,angle_2,kind,id_1,type_1,color_1,x_1,y_1,x_vel_1,y_vel_1,angle_1,id_2,type_2,color_2,x_2,y_2,x_vel_2,y_vel_2,angle_2,kind,id_1,type_1,color_1,x_1,y_1,x_vel_1,y_vel_1,angle_1,id_2,type_2,color_2,x_2,y_2,x_vel_2,y_vel_2,angle_2,kind,id_1,type_1,color_1,x_1,y_1,x_vel_1,y_vel_1,angle_1,id_2,type_2,color_2,x_2,y_2,x_vel_2,y_vel_2,angle_2,kind,id_1,type_1,color_1,x_1,y_1,x_vel_1,y_vel_1,angle_1,id_2,type_2,color_2,x_2,y_2,x_vel_2,y_vel_2,angle_2,kind,id_1,type_1,color_1,x_1,y_1,x_vel_1,y_vel_1,angle_1,id_2,type_2,color_2,x_2,y_2,x_vel_2,y_vel_2,angle_2,kind,id_1,type_1,color_1,x_1,y_1,x_vel_1,y_vel_1,angle_1,id_2,type_2,color_2,x_2,y_2,x_vel_2,y_vel_2,angle_2,kind,id_1,type_1,color_1,x_1,y_1,x_vel_1,y_vel_1,angle_1,id_2,type_2,color_2,x_2,y_2,x_vel_2,y_vel_2,angle_2,kind,id_1,type_1,color_1,x_1,y_1,x_vel_1,y_vel_1,angle_1,id_2,type_2,color_2,x_2,y_2,x_vel_2,y_vel_2,angle_2,kind,id_1,type_1,color_1,x_1,y_1,x_vel_1,y_vel_1,angle_1,id_2,type_2,color_2,x_2,y_2,x_vel_2,y_vel_2,angle_2,kind,id_1,type_1,color_1,x_1,y_1,x_vel_1,y_vel_1,angle_1,id_2,type_2,color_2,x_2,y_2,x_vel_2,y_vel_2,angle_2,kind,id_1,type_1,color_1,x_1,y_1,x_vel_1,y_vel_1,angle_1,id_2,type_2,color_2,x_2,y_2,x_vel_2,y_vel_2,angle_2,kind,id_1,type_1,color_1,x_1,y_1,x_vel_1,y_vel_1,angle_1,id_2,type_2,color_2,x_2,y_2,x_vel_2,y_vel_2,angle_2,kind,id_1,type_1,color_1,x_1,y_1,x_vel_1,y_vel_1,angle_1,id_2,type_2,color_2,x_2,y_2,x_vel_2,y_vel_2,angle_2,kind,id_1,type_1,color_1,x_1,y_1,x_vel_1,y_vel_1,angle_1,id_2,type_2,color_2,x_2,y_2,x_vel_2,y_vel_2,angle_2,kind,id_1,type_1,color_1,x_1,y_1,x_vel_1,y_vel_1,angle_1,id_2,type_2,color_2,x_2,y_2,x_vel_2,y_vel_2,angle_2,kind,id_1,type_1,color_1,x_1,y_1,x_vel_1,y_vel_1,angle_1,id_2,type_2,color_2,x_2,y_2,x_vel_2,y_vel_2,angle_2,kind,id_1,type_1,color_1,x_1,y_1,x_vel_1,y_vel_1,angle_1,id_2,type_2,color_2,x_2,y_2,x_vel_2,y_vel_2,angle_2,kind,id_1,type_1,color_1,x_1,y_1,x_vel_1,y_vel_1,angle_1,id_2,type_2,color_2,x_2,y_2,x_vel_2,y_vel_2,angle_2,kind,id_1,type_1,color_1,x_1,y_1,x_vel_1,y_vel_1,angle_1,id_2,type_2,color_2,x_2,y_2,x_vel_2,y_vel_2,angle_2,kind,id_1,type_1,color_1,x_1,y_1,x_vel_1,y_vel_1,angle_1,id_2,type_2,color_2,x_2,y_2,x_vel_2,y_vel_2,angle_2,kind,id_1,type_1,color_1,x_1,y_1,x_vel_1,y_vel_1,angle_1,id_2,type_2,color_2,x_2,y_2,x_vel_2,y_vel_2,angle_2,kind,id_1,type_1,color_1,x_1,y_1,x_vel_1,y_vel_1,angle_1,id_2,type_2,color_2,x_2,y_2,x_vel_2,y_vel_2,angle_2,kind,id_1,type_1,color_1,x_1,y_1,x_vel_1,y_vel_1,angle_1,id_2,type_2,color_2,x_2,y_2,x_vel_2,y_vel_2,angle_2,kind,id_1,type_1,color_1,x_1,y_1,x_vel_1,y_vel_1,angle_1,id_2,type_2,color_2,x_2,y_2,x_vel_2,y_vel_2,angle_2,kind,id_1,type_1,color_1,x_1,y_1,x_vel_1,y_vel_1,angle_1,id_2,type_2,color_2,x_2,y_2,x_vel_2,y_vel_2,angle_2,kind,id_1,type_1,color_1,x_1,y_1,x_vel_1,y_vel_1,angle_1,id_2,type_2,color_2,x_2,y_2,x_vel_2,y_vel_2,angle_2,kind,id_1,type_1,color_1,x_1,y_1,x_vel_1,y_vel_1,angle_1,id_2,type_2,color_2,x_2,y_2,x_vel_2,y_vel_2,angle_2,kind,id_1,type_1,color_1,x_1,y_1,x_vel_1,y_vel_1,angle_1,id_2,type_2,color_2,x_2,y_2,x_vel_2,y_vel_2,angle_2,kind,id_1,type_1,color_1,x_1,y_1,x_vel_1,y_vel_1,angle_1,id_2,type_2,color_2,x_2,y_2,x_vel_2,y_vel_2,angle_2,kind,id_1,type_1,color_1,x_1,y_1,x_vel_1,y_vel_1,angle_1,id_2,type_2,color_2,x_2,y_2,x_vel_2,y_vel_2,angle_2,kind,id_1,type_1,color_1,x_1,y_1,x_vel_1,y_vel_1,angle_1,id_2,type_2,color_2,x_2,y_2,x_vel_2,y_vel_2,angle_2,kind,id_1,type_1,color_1,x_1,y_1,x_vel_1,y_vel_1,angle_1,id_2,type_2,color_2,x_2,y_2,x_vel_2,y_vel_2,angle_2,kind,id_1,type_1,color_1,x_1,y_1,x_vel_1,y_vel_1,angle_1,id_2,type_2,color_2,x_2,y_2,x_vel_2,y_vel_2,angle_2,kind,id_1,type_1,color_1,x_1,y_1,x_vel_1,y_vel_1,angle_1,id_2,type_2,color_2,x_2,y_2,x_vel_2,y_vel_2,angle_2,kind,id_1,type_1,color_1,x_1,y_1,x_vel_1,y_vel_1,angle_1,id_2,type_2,color_2,x_2,y_2,x_vel_2,y_vel_2,angle_2,kind,id_1,type_1,color_1,x_1,y_1,x_vel_1,y_vel_1,angle_1,id_2,type_2,color_2,x_2,y_2,x_vel_2,y_vel_2,angle_2,kind,id_1,type_1,color_1,x_1,y_1,x_vel_1,y_vel_1,angle_1,id_2,type_2,color_2,x_2,y_2,x_vel_2,y_vel_2,angle_2,kind,id_1,type_1,color_1,x_1,y_1,x_vel_1,y_vel_1,angle_1,id_2,type_2,color_2,x_2,y_2,x_vel_2,y_vel_2,angle_2,kind,id_1,type_1,color_1,x_1,y_1,x_vel_1,y_vel_1,angle_1,id_2,type_2,color_2,x_2,y_2,x_vel_2,y_vel_2,angle_2,kind,id_1,type_1,color_1,x_1,y_1,x_vel_1,y_vel_1,angle_1,id_2,type_2,color_2,x_2,y_2,x_vel_2,y_vel_2,angle_2,kind,id_1,type_1,color_1,x_1,y_1,x_vel_1,y_vel_1,angle_1,id_2,type_2,color_2,x_2,y_2,x_vel_2,y_vel_2,angle_2,kind,id_1,type_1,color_1,x_1,y_1,x_vel_1,y_vel_1,angle_1,id_2,type_2,color_2,x_2,y_2,x_vel_2,y_vel_2,angle_2,kind,id_1,type_1,color_1,x_1,y_1,x_vel_1,y_vel_1,angle_1,id_2,type_2,color_2,x_2,y_2,x_vel_2,y_vel_2,angle_2,kind,id_1,type_1,color_1,x_1,y_1,x_vel_1,y_vel_1,angle_1,id_2,type_2,color_2,x_2,y_2,x_vel_2,y_vel_2,angle_2,kind,id_1,type_1,color_1,x_1,y_1,x_vel_1,y_vel_1,angle_1,id_2,type_2,color_2,x_2,y_2,x_vel_2,y_vel_2,angle_2,kind,id_1,type_1,color_1,x_1,y_1,x_vel_1,y_vel_1,angle_1,id_2,type_2,color_2,x_2,y_2,x_vel_2,y_vel_2,angle_2,kind,id_1,type_1,color_1,x_1,y_1,x_vel_1,y_vel_1,angle_1,id_2,type_2,color_2,x_2,y_2,x_vel_2,y_vel_2,angle_2,kind,id_1,type_1,color_1,x_1,y_1,x_vel_1,y_vel_1,angle_1,id_2,type_2,color_2,x_2,y_2,x_vel_2,y_vel_2,angle_2,kind,id_1,type_1,color_1,x_1,y_1,x_vel_1,y_vel_1,angle_1,id_2,type_2,color_2,x_2,y_2,x_vel_2,y_vel_2,angle_2,kind,id_1,type_1,color_1,x_1,y_1,x_vel_1,y_vel_1,angle_1,id_2,type_2,color_2,x_2,y_2,x_vel_2,y_vel_2,angle_2,kind,id_1,type_1,color_1,x_1,y_1,x_vel_1,y_vel_1,angle_1,id_2,type_2,color_2,x_2,y_2,x_vel_2,y_vel_2,angle_2,kind,id_1,type_1,color_1,x_1,y_1,x_vel_1,y_vel_1,angle_1,id_2,type_2,color_2,x_2,y_2,x_vel_2,y_vel_2,angle_2,kind,id_1,type_1,color_1,x_1,y_1,x_vel_1,y_vel_1,angle_1,id_2,type_2,color_2,x_2,y_2,x_vel_2,y_vel_2,angle_2,kind,id_1,type_1,color_1,x_1,y_1,x_vel_1,y_vel_1,angle_1,id_2,type_2,color_2,x_2,y_2,x_vel_2,y_vel_2,angle_2,kind,id_1,type_1,color_1,x_1,y_1,x_vel_1,y_vel_1,angle_1,id_2,type_2,color_2,x_2,y_2,x_vel_2,y_vel_2,angle_2,kind,id_1,type_1,color_1,x_1,y_1,x_vel_1,y_vel_1,angle_1,id_2,type_2,color_2,x_2,y_2,x_vel_2,y_vel_2,angle_2,kind,id_1,type_1,color_1,x_1,y_1,x_vel_1,y_vel_1,angle_1,id_2,type_2,color_2,x_2,y_2,x_vel_2,y_vel_2,angle_2,kind,id_1,type_1,color_1,x_1,y_1,x_vel_1,y_vel_1,angle_1,id_2,type_2,color_2,x_2,y_2,x_vel_2,y_vel_2,angle_2,kind,id_1,type_1,color_1,x_1,y_1,x_vel_1,y_vel_1,angle_1,id_2,type_2,color_2,x_2,y_2,x_vel_2,y_vel_2,angle_2,kind,id_1,type_1,color_1,x_1,y_1,x_vel_1,y_vel_1,angle_1,id_2,type_2,color_2,x_2,y_2,x_vel_2,y_vel_2,angle_2,kind,id_1,type_1,color_1,x_1,y_1,x_vel_1,y_vel_1,angle_1,id_2,type_2,color_2,x_2,y_2,x_vel_2,y_vel_2,angle_2,kind,id_1,type_1,color_1,x_1,y_1,x_vel_1,y_vel_1,angle_1,id_2,type_2,color_2,x_2,y_2,x_vel_2,y_vel_2,angle_2,kind,id_1,type_1,color_1,x_1,y_1,x_vel_1,y_vel_1,angle_1,id_2,type_2,color_2,x_2,y_2,x_vel_2,y_vel_2,angle_2,kind,id_1,type_1,color_1,x_1,y_1,x_vel_1,y_vel_1,angle_1,id_2,type_2,color_2,x_2,y_2,x_vel_2,y_vel_2,angle_2,kind,id_1,type_1,color_1,x_1,y_1,x_vel_1,y_vel_1,angle_1,id_2,type_2,color_2,x_2,y_2,x_vel_2,y_vel_2,angle_2,kind,id_1,type_1,color_1,x_1,y_1,x_vel_1,y_vel_1,angle_1,id_2,type_2,color_2,x_2,y_2,x_vel_2,y_vel_2,angle_2,kind,id_1,type_1,color_1,x_1,y_1,x_vel_1,y_vel_1,angle_1,id_2,type_2,color_2,x_2,y_2,x_vel_2,y_vel_2,angle_2,kind,id_1,type_1,color_1,x_1,y_1,x_vel_1,y_vel_1,angle_1,id_2,type_2,color_2,x_2,y_2,x_vel_2,y_vel_2,angle_2,kind,id_1,type_1,color_1,x_1,y_1,x_vel_1,y_vel_1,angle_1,id_2,type_2,color_2,x_2,y_2,x_vel_2,y_vel_2,angle_2,kind,id_1,type_1,color_1,x_1,y_1,x_vel_1,y_vel_1,angle_1,id_2,type_2,color_2,x_2,y_2,x_vel_2,y_vel_2,angle_2,kind,id_1,type_1,color_1,x_1,y_1,x_vel_1,y_vel_1,angle_1,id_2,type_2,color_2,x_2,y_2,x_vel_2,y_vel_2,angle_2,kind,id_1,type_1,color_1,x_1,y_1,x_vel_1,y_vel_1,angle_1,id_2,type_2,color_2,x_2,y_2,x_vel_2,y_vel_2,angle_2,kind,id_1,type_1,color_1,x_1,y_1,x_vel_1,y_vel_1,angle_1,id_2,type_2,color_2,x_2,y_2,x_vel_2,y_vel_2,angle_2,kind,id_1,type_1,color_1,x_1,y_1,x_vel_1,y_vel_1,angle_1,id_2,type_2,color_2,x_2,y_2,x_vel_2,y_vel_2,angle_2,kind,id_1,type_1,color_1,x_1,y_1,x_vel_1,y_vel_1,angle_1,id_2,type_2,color_2,x_2,y_2,x_vel_2,y_vel_2,angle_2,kind,id_1,type_1,color_1,x_1,y_1,x_vel_1,y_vel_1,angle_1,id_2,type_2,color_2,x_2,y_2,x_vel_2,y_vel_2,angle_2,kind,id_1,type_1,color_1,x_1,y_1,x_vel_1,y_vel_1,angle_1,id_2,type_2,color_2,x_2,y_2,x_vel_2,y_vel_2,angle_2,kind,id_1,type_1,color_1,x_1,y_1,x_vel_1,y_vel_1,angle_1,id_2,type_2,color_2,x_2,y_2,x_vel_2,y_vel_2,angle_2,kind,id_1,type_1,color_1,x_1,y_1,x_vel_1,y_vel_1,angle_1,id_2,type_2,color_2,x_2,y_2,x_vel_2,y_vel_2,angle_2,kind,id_1,type_1,color_1,x_1,y_1,x_vel_1,y_vel_1,angle_1,id_2,type_2,color_2,x_2,y_2,x_vel_2,y_vel_2,angle_2,kind,id_1,type_1,color_1,x_1,y_1,x_vel_1,y_vel_1,angle_1,id_2,type_2,color_2,x_2,y_2,x_vel_2,y_vel_2,angle_2,kind,id_1,type_1,color_1,x_1,y_1,x_vel_1,y_vel_1,angle_1,id_2,type_2,color_2,x_2,y_2,x_vel_2,y_vel_2,angle_2,kind,id_1,type_1,color_1,x_1,y_1,x_vel_1,y_vel_1,angle_1,id_2,type_2,color_2,x_2,y_2,x_vel_2,y_vel_2,angle_2,kind,id_1,type_1,color_1,x_1,y_1,x_vel_1,y_vel_1,angle_1,id_2,type_2,color_2,x_2,y_2,x_vel_2,y_vel_2,angle_2,kind,id_1,type_1,color_1,x_1,y_1,x_vel_1,y_vel_1,angle_1,id_2,type_2,color_2,x_2,y_2,x_vel_2,y_vel_2,angle_2,kind,id_1,type_1,color_1,x_1,y_1,x_vel_1,y_vel_1,angle_1,id_2,type_2,color_2,x_2,y_2,x_vel_2,y_vel_2,angle_2,kind,id_1,type_1,color_1,x_1,y_1,x_vel_1,y_vel_1,angle_1,id_2,type_2,color_2,x_2,y_2,x_vel_2,y_vel_2,angle_2,kind,id_1,type_1,color_1,x_1,y_1,x_vel_1,y_vel_1,angle_1,id_2,type_2,color_2,x_2,y_2,x_vel_2,y_vel_2,angle_2,kind,id_1,type_1,color_1,x_1,y_1,x_vel_1,y_vel_1,angle_1,id_2,type_2,color_2,x_2,y_2,x_vel_2,y_vel_2,angle_2,kind,id_1,type_1,color_1,x_1,y_1,x_vel_1,y_vel_1,angle_1,id_2,type_2,color_2,x_2,y_2,x_vel_2,y_vel_2,angle_2,kind,id_1,type_1,color_1,x_1,y_1,x_vel_1,y_vel_1,angle_1,id_2,type_2,color_2,x_2,y_2,x_vel_2,y_vel_2,angle_2,kind,id_1,type_1,color_1,x_1,y_1,x_vel_1,y_vel_1,angle_1,id_2,type_2,color_2,x_2,y_2,x_vel_2,y_vel_2,angle_2,kind,id_1,type_1,color_1,x_1,y_1,x_vel_1,y_vel_1,angle_1,id_2,type_2,color_2,x_2,y_2,x_vel_2,y_vel_2,angle_2,kind,id_1,type_1,color_1,x_1,y_1,x_vel_1,y_vel_1,angle_1,id_2,type_2,color_2,x_2,y_2,x_vel_2,y_vel_2,angle_2,kind,id_1,type_1,color_1,x_1,y_1,x_vel_1,y_vel_1,angle_1,id_2,type_2,color_2,x_2,y_2,x_vel_2,y_vel_2,angle_2,kind,id_1,type_1,color_1,x_1,y_1,x_vel_1,y_vel_1,angle_1,id_2,type_2,color_2,x_2,y_2,x_vel_2,y_vel_2,angle_2,kind,id_1,type_1,color_1,x_1,y_1,x_vel_1,y_vel_1,angle_1,id_2,type_2,color_2,x_2,y_2,x_vel_2,y_vel_2,angle_2,kind,id_1,type_1,color_1,x_1,y_1,x_vel_1,y_vel_1,angle_1,id_2,type_2,color_2,x_2,y_2,x_vel_2,y_vel_2,angle_2,kind,id_1,type_1,color_1,x_1,y_1,x_vel_1,y_vel_1,angle_1,id_2,type_2,color_2,x_2,y_2,x_vel_2,y_vel_2,angle_2,kind,id_1,type_1,color_1,x_1,y_1,x_vel_1,y_vel_1,angle_1,id_2,type_2,color_2,x_2,y_2,x_vel_2,y_vel_2,angle_2,kind,id_1,type_1,color_1,x_1,y_1,x_vel_1,y_vel_1,angle_1,id_2,type_2,color_2,x_2,y_2,x_vel_2,y_vel_2,angle_2,kind,id_1,type_1,color_1,x_1,y_1,x_vel_1,y_vel_1,angle_1,id_2,type_2,color_2,x_2,y_2,x_vel_2,y_vel_2,angle_2,kind,id_1,type_1,color_1,x_1,y_1,x_vel_1,y_vel_1,angle_1,id_2,type_2,color_2,x_2,y_2,x_vel_2,y_vel_2,angle_2,kind,id_1,type_1,color_1,x_1,y_1,x_vel_1,y_vel_1,angle_1,id_2,type_2,color_2,x_2,y_2,x_vel_2,y_vel_2,angle_2,kind,id_1,type_1,color_1,x_1,y_1,x_vel_1,y_vel_1,angle_1,id_2,type_2,color_2,x_2,y_2,x_vel_2,y_vel_2,angle_2,kind,id_1,type_1,color_1,x_1,y_1,x_vel_1,y_vel_1,angle_1,id_2,type_2,color_2,x_2,y_2,x_vel_2,y_vel_2,angle_2,kind,id_1,type_1,color_1,x_1,y_1,x_vel_1,y_vel_1,angle_1,id_2,type_2,color_2,x_2,y_2,x_vel_2,y_vel_2,angle_2,kind,id_1,type_1,color_1,x_1,y_1,x_vel_1,y_vel_1,angle_1,id_2,type_2,color_2,x_2,y_2,x_vel_2,y_vel_2,angle_2,kind,id_1,type_1,color_1,x_1,y_1,x_vel_1,y_vel_1,angle_1,id_2,type_2,color_2,x_2,y_2,x_vel_2,y_vel_2,angle_2,kind,id_1,type_1,color_1,x_1,y_1,x_vel_1,y_vel_1,angle_1,id_2,type_2,color_2,x_2,y_2,x_vel_2,y_vel_2,angle_2,kind,id_1,type_1,color_1,x_1,y_1,x_vel_1,y_vel_1,angle_1,id_2,type_2,color_2,x_2,y_2,x_vel_2,y_vel_2,angle_2,kind,id_1,type_1,color_1,x_1,y_1,x_vel_1,y_vel_1,angle_1,id_2,type_2,color_2,x_2,y_2,x_vel_2,y_vel_2,angle_2,kind,id_1,type_1,color_1,x_1,y_1,x_vel_1,y_vel_1,angle_1,id_2,type_2,color_2,x_2,y_2,x_vel_2,y_vel_2,angle_2,kind,id_1,type_1,color_1,x_1,y_1,x_vel_1,y_vel_1,angle_1,id_2,type_2,color_2,x_2,y_2,x_vel_2,y_vel_2,angle_2,kind,id_1,type_1,color_1,x_1,y_1,x_vel_1,y_vel_1,angle_1,id_2,type_2,color_2,x_2,y_2,x_vel_2,y_vel_2,angle_2,kind,id_1,type_1,color_1,x_1,y_1,x_vel_1,y_vel_1,angle_1,id_2,type_2,color_2,x_2,y_2,x_vel_2,y_vel_2,angle_2,kind,id_1,type_1,color_1,x_1,y_1,x_vel_1,y_vel_1,angle_1,id_2,type_2,color_2,x_2,y_2,x_vel_2,y_vel_2,angle_2,kind,id_1,type_1,color_1,x_1,y_1,x_vel_1,y_vel_1,angle_1,id_2,type_2,color_2,x_2,y_2,x_vel_2,y_vel_2,angle_2,kind,id_1,type_1,color_1,x_1,y_1,x_vel_1,y_vel_1,angle_1,id_2,type_2,color_2,x_2,y_2,x_vel_2,y_vel_2,angle_2,kind,id_1,type_1,color_1,x_1,y_1,x_vel_1,y_vel_1,angle_1,id_2,type_2,color_2,x_2,y_2,x_vel_2,y_vel_2,angle_2,kind,id_1,type_1,color_1,x_1,y_1,x_vel_1,y_vel_1,angle_1,id_2,type_2,color_2,x_2,y_2,x_vel_2,y_vel_2,angle_2,kind,id_1,type_1,color_1,x_1,y_1,x_vel_1,y_vel_1,angle_1,id_2,type_2,color_2,x_2,y_2,x_vel_2,y_vel_2,angle_2,kind,id_1,type_1,color_1,x_1,y_1,x_vel_1,y_vel_1,angle_1,id_2,type_2,color_2,x_2,y_2,x_vel_2,y_vel_2,angle_2,kind,id_1,type_1,color_1,x_1,y_1,x_vel_1,y_vel_1,angle_1,id_2,type_2,color_2,x_2,y_2,x_vel_2,y_vel_2,angle_2,kind,id_1,type_1,color_1,x_1,y_1,x_vel_1,y_vel_1,angle_1,id_2,type_2,color_2,x_2,y_2,x_vel_2,y_vel_2,angle_2,kind,id_1,type_1,color_1,x_1,y_1,x_vel_1,y_vel_1,angle_1,id_2,type_2,color_2,x_2,y_2,x_vel_2,y_vel_2,angle_2,kind,id_1,type_1,color_1,x_1,y_1,x_vel_1,y_vel_1,angle_1,id_2,type_2,color_2,x_2,y_2,x_vel_2,y_vel_2,angle_2,kind,id_1,type_1,color_1,x_1,y_1,x_vel_1,y_vel_1,angle_1,id_2,type_2,color_2,x_2,y_2,x_vel_2,y_vel_2,angle_2,kind,id_1,type_1,color_1,x_1,y_1,x_vel_1,y_vel_1,angle_1,id_2,type_2,color_2,x_2,y_2,x_vel_2,y_vel_2,angle_2,kind,id_1,type_1,color_1,x_1,y_1,x_vel_1,y_vel_1,angle_1,id_2,type_2,color_2,x_2,y_2,x_vel_2,y_vel_2,angle_2,kind,id_1,type_1,color_1,x_1,y_1,x_vel_1,y_vel_1,angle_1,id_2,type_2,color_2,x_2,y_2,x_vel_2,y_vel_2,angle_2,kind,id_1,type_1,color_1,x_1,y_1,x_vel_1,y_vel_1,angle_1,id_2,type_2,color_2,x_2,y_2,x_vel_2,y_vel_2,angle_2,kind,id_1,type_1,color_1,x_1,y_1,x_vel_1,y_vel_1,angle_1,id_2,type_2,color_2,x_2,y_2,x_vel_2,y_vel_2,angle_2,kind,id_1,type_1,color_1,x_1,y_1,x_vel_1,y_vel_1,angle_1,id_2,type_2,color_2,x_2,y_2,x_vel_2,y_vel_2,angle_2,kind,id_1,type_1,color_1,x_1,y_1,x_vel_1,y_vel_1,angle_1,id_2,type_2,color_2,x_2,y_2,x_vel_2,y_vel_2,angle_2,kind,id_1,type_1,color_1,x_1,y_1,x_vel_1,y_vel_1,angle_1,id_2,type_2,color_2,x_2,y_2,x_vel_2,y_vel_2,angle_2,kind,id_1,type_1,color_1,x_1,y_1,x_vel_1,y_vel_1,angle_1,id_2,type_2,color_2,x_2,y_2,x_vel_2,y_vel_2,angle_2,kind,id_1,type_1,color_1,x_1,y_1,x_vel_1,y_vel_1,angle_1,id_2,type_2,color_2,x_2,y_2,x_vel_2,y_vel_2,angle_2,kind,id_1,type_1,color_1,x_1,y_1,x_vel_1,y_vel_1,angle_1,id_2,type_2,color_2,x_2,y_2,x_vel_2,y_vel_2,angle_2,kind,id_1,type_1,color_1,x_1,y_1,x_vel_1,y_vel_1,angle_1,id_2,type_2,color_2,x_2,y_2,x_vel_2,y_vel_2,angle_2,kind,id_1,type_1,color_1,x_1,y_1,x_vel_1,y_vel_1,angle_1,id_2,type_2,color_2,x_2,y_2,x_vel_2,y_vel_2,angle_2,kind,id_1,type_1,color_1,x_1,y_1,x_vel_1,y_vel_1,angle_1,id_2,type_2,color_2,x_2,y_2,x_vel_2,y_vel_2,angle_2,kind,id_1,type_1,color_1,x_1,y_1,x_vel_1,y_vel_1,angle_1,id_2,type_2,color_2,x_2,y_2,x_vel_2,y_vel_2,angle_2,kind,id_1,type_1,color_1,x_1,y_1,x_vel_1,y_vel_1,angle_1,id_2,type_2,color_2,x_2,y_2,x_vel_2,y_vel_2,angle_2,kind,id_1,type_1,color_1,x_1,y_1,x_vel_1,y_vel_1,angle_1,id_2,type_2,color_2,x_2,y_2,x_vel_2,y_vel_2,angle_2,kind,id_1,type_1,color_1,x_1,y_1,x_vel_1,y_vel_1,angle_1,id_2,type_2,color_2,x_2,y_2,x_vel_2,y_vel_2,angle_2,kind,id_1,type_1,color_1,x_1,y_1,x_vel_1,y_vel_1,angle_1,id_2,type_2,color_2,x_2,y_2,x_vel_2,y_vel_2,angle_2,kind,id_1,type_1,color_1,x_1,y_1,x_vel_1,y_vel_1,angle_1,id_2,type_2,color_2,x_2,y_2,x_vel_2,y_vel_2,angle_2,kind,id_1,type_1,color_1,x_1,y_1,x_vel_1,y_vel_1,angle_1,id_2,type_2,color_2,x_2,y_2,x_vel_2,y_vel_2,angle_2,kind,id_1,type_1,color_1,x_1,y_1,x_vel_1,y_vel_1,angle_1,id_2,type_2,color_2,x_2,y_2,x_vel_2,y_vel_2,angle_2,kind,id_1,type_1,color_1,x_1,y_1,x_vel_1,y_vel_1,angle_1,id_2,type_2,color_2,x_2,y_2,x_vel_2,y_vel_2,angle_2,kind,id_1,type_1,color_1,x_1,y_1,x_vel_1,y_vel_1,angle_1,id_2,type_2,color_2,x_2,y_2,x_vel_2,y_vel_2,angle_2,kind,id_1,type_1,color_1,x_1,y_1,x_vel_1,y_vel_1,angle_1,id_2,type_2,color_2,x_2,y_2,x_vel_2,y_vel_2,angle_2,kind,id_1,type_1,color_1,x_1,y_1,x_vel_1,y_vel_1,angle_1,id_2,type_2,color_2,x_2,y_2,x_vel_2,y_vel_2,angle_2,kind,id_1,type_1,color_1,x_1,y_1,x_vel_1,y_vel_1,angle_1,id_2,type_2,color_2,x_2,y_2,x_vel_2,y_vel_2,angle_2,kind,id_1,type_1,color_1,x_1,y_1,x_vel_1,y_vel_1,angle_1,id_2,type_2,color_2,x_2,y_2,x_vel_2,y_vel_2,angle_2,kind,id_1,type_1,color_1,x_1,y_1,x_vel_1,y_vel_1,angle_1,id_2,type_2,color_2,x_2,y_2,x_vel_2,y_vel_2,angle_2,kind,id_1,type_1,color_1,x_1,y_1,x_vel_1,y_vel_1,angle_1,id_2,type_2,color_2,x_2,y_2,x_vel_2,y_vel_2,angle_2,kind,id_1,type_1,color_1,x_1,y_1,x_vel_1,y_vel_1,angle_1,id_2,type_2,color_2,x_2,y_2,x_vel_2,y_vel_2,angle_2,kind,id_1,type_1,color_1,x_1,y_1,x_vel_1,y_vel_1,angle_1,id_2,type_2,color_2,x_2,y_2,x_vel_2,y_vel_2,angle_2,kind,id_1,type_1,color_1,x_1,y_1,x_vel_1,y_vel_1,angle_1,id_2,type_2,color_2,x_2,y_2,x_vel_2,y_vel_2,angle_2,kind,id_1,type_1,color_1,x_1,y_1,x_vel_1,y_vel_1,angle_1,id_2,type_2,color_2,x_2,y_2,x_vel_2,y_vel_2,angle_2,kind,id_1,type_1,color_1,x_1,y_1,x_vel_1,y_vel_1,angle_1,id_2,type_2,color_2,x_2,y_2,x_vel_2,y_vel_2,angle_2,kind,id_1,type_1,color_1,x_1,y_1,x_vel_1,y_vel_1,angle_1,id_2,type_2,color_2,x_2,y_2,x_vel_2,y_vel_2,angle_2,kind,id_1,type_1,color_1,x_1,y_1,x_vel_1,y_vel_1,angle_1,id_2,type_2,color_2,x_2,y_2,x_vel_2,y_vel_2,angle_2,kind,id_1,type_1,color_1,x_1,y_1,x_vel_1,y_vel_1,angle_1,id_2,type_2,color_2,x_2,y_2,x_vel_2,y_vel_2,angle_2,kind,id_1,type_1,color_1,x_1,y_1,x_vel_1,y_vel_1,angle_1,id_2,type_2,color_2,x_2,y_2,x_vel_2,y_vel_2,angle_2,kind,id_1,type_1,color_1,x_1,y_1,x_vel_1,y_vel_1,angle_1,id_2,type_2,color_2,x_2,y_2,x_vel_2,y_vel_2,angle_2,kind,id_1,type_1,color_1,x_1,y_1,x_vel_1,y_vel_1,angle_1,id_2,type_2,color_2,x_2,y_2,x_vel_2,y_vel_2,angle_2,kind,id_1,type_1,color_1,x_1,y_1,x_vel_1,y_vel_1,angle_1,id_2,type_2,color_2,x_2,y_2,x_vel_2,y_vel_2,angle_2,kind,id_1,type_1,color_1,x_1,y_1,x_vel_1,y_vel_1,angle_1,id_2,type_2,color_2,x_2,y_2,x_vel_2,y_vel_2,angle_2,kind,id_1,type_1,color_1,x_1,y_1,x_vel_1,y_vel_1,angle_1,id_2,type_2,color_2,x_2,y_2,x_vel_2,y_vel_2,angle_2,kind,id_1,type_1,color_1,x_1,y_1,x_vel_1,y_vel_1,angle_1,id_2,type_2,color_2,x_2,y_2,x_vel_2,y_vel_2,angle_2,kind,id_1,type_1,color_1,x_1,y_1,x_vel_1,y_vel_1,angle_1,id_2,type_2,color_2,x_2,y_2,x_vel_2,y_vel_2,angle_2,kind,id_1,type_1,color_1,x_1,y_1,x_vel_1,y_vel_1,angle_1,id_2,type_2,color_2,x_2,y_2,x_vel_2,y_vel_2,angle_2,kind,id_1,type_1,color_1,x_1,y_1,x_vel_1,y_vel_1,angle_1,id_2,type_2,color_2,x_2,y_2,x_vel_2,y_vel_2,angle_2,kind,id_1,type_1,color_1,x_1,y_1,x_vel_1,y_vel_1,angle_1,id_2,type_2,color_2,x_2,y_2,x_vel_2,y_vel_2,angle_2,kind,id_1,type_1,color_1,x_1,y_1,x_vel_1,y_vel_1,angle_1,id_2,type_2,color_2,x_2,y_2,x_vel_2,y_vel_2,angle_2,kind,id_1,type_1,color_1,x_1,y_1,x_vel_1,y_vel_1,angle_1,id_2,type_2,color_2,x_2,y_2,x_vel_2,y_vel_2,angle_2,kind,id_1,type_1,color_1,x_1,y_1,x_vel_1,y_vel_1,angle_1,id_2,type_2,color_2,x_2,y_2,x_vel_2,y_vel_2,angle_2,kind,id_1,type_1,color_1,x_1,y_1,x_vel_1,y_vel_1,angle_1,id_2,type_2,color_2,x_2,y_2,x_vel_2,y_vel_2,angle_2,kind,id_1,type_1,color_1,x_1,y_1,x_vel_1,y_vel_1,angle_1,id_2,type_2,color_2,x_2,y_2,x_vel_2,y_vel_2,angle_2,kind,id_1,type_1,color_1,x_1,y_1,x_vel_1,y_vel_1,angle_1,id_2,type_2,color_2,x_2,y_2,x_vel_2,y_vel_2,angle_2,kind,id_1,type_1,color_1,x_1,y_1,x_vel_1,y_vel_1,angle_1,id_2,type_2,color_2,x_2,y_2,x_vel_2,y_vel_2,angle_2,kind,id_1,type_1,color_1,x_1,y_1,x_vel_1,y_vel_1,angle_1,id_2,type_2,color_2,x_2,y_2,x_vel_2,y_vel_2,angle_2,kind,id_1,type_1,color_1,x_1,y_1,x_vel_1,y_vel_1,angle_1,id_2,type_2,color_2,x_2,y_2,x_vel_2,y_vel_2,angle_2,kind,id_1,type_1,color_1,x_1,y_1,x_vel_1,y_vel_1,angle_1,id_2,type_2,color_2,x_2,y_2,x_vel_2,y_vel_2,angle_2,kind,id_1,type_1,color_1,x_1,y_1,x_vel_1,y_vel_1,angle_1,id_2,type_2,color_2,x_2,y_2,x_vel_2,y_vel_2,angle_2,kind,id_1,type_1,color_1,x_1,y_1,x_vel_1,y_vel_1,angle_1,id_2,type_2,color_2,x_2,y_2,x_vel_2,y_vel_2,angle_2,kind,id_1,type_1,color_1,x_1,y_1,x_vel_1,y_vel_1,angle_1,id_2,type_2,color_2,x_2,y_2,x_vel_2,y_vel_2,angle_2,kind,id_1,type_1,color_1,x_1,y_1,x_vel_1,y_vel_1,angle_1,id_2,type_2,color_2,x_2,y_2,x_vel_2,y_vel_2,angle_2,kind,id_1,type_1,color_1,x_1,y_1,x_vel_1,y_vel_1,angle_1,id_2,type_2,color_2,x_2,y_2,x_vel_2,y_vel_2,angle_2,kind,id_1,type_1,color_1,x_1,y_1,x_vel_1,y_vel_1,angle_1,id_2,type_2,color_2,x_2,y_2,x_vel_2,y_vel_2,angle_2,kind,id_1,type_1,color_1,x_1,y_1,x_vel_1,y_vel_1,angle_1,id_2,type_2,color_2,x_2,y_2,x_vel_2,y_vel_2,angle_2,kind,id_1,type_1,color_1,x_1,y_1,x_vel_1,y_vel_1,angle_1,id_2,type_2,color_2,x_2,y_2,x_vel_2,y_vel_2,angle_2,kind,id_1,type_1,color_1,x_1,y_1,x_vel_1,y_vel_1,angle_1,id_2,type_2,color_2,x_2,y_2,x_vel_2,y_vel_2,angle_2,kind,id_1,type_1,color_1,x_1,y_1,x_vel_1,y_vel_1,angle_1,id_2,type_2,color_2,x_2,y_2,x_vel_2,y_vel_2,angle_2,kind,id_1,type_1,color_1,x_1,y_1,x_vel_1,y_vel_1,angle_1,id_2,type_2,color_2,x_2,y_2,x_vel_2,y_vel_2,angle_2,kind,id_1,type_1,color_1,x_1,y_1,x_vel_1,y_vel_1,angle_1,id_2,type_2,color_2,x_2,y_2,x_vel_2,y_vel_2,angle_2,kind,id_1,type_1,color_1,x_1,y_1,x_vel_1,y_vel_1,angle_1,id_2,type_2,color_2,x_2,y_2,x_vel_2,y_vel_2,angle_2,kind,id_1,type_1,color_1,x_1,y_1,x_vel_1,y_vel_1,angle_1,id_2,type_2,color_2,x_2,y_2,x_vel_2,y_vel_2,angle_2,kind,id_1,type_1,color_1,x_1,y_1,x_vel_1,y_vel_1,angle_1,id_2,type_2,color_2,x_2,y_2,x_vel_2,y_vel_2,angle_2,kind,id_1,type_1,color_1,x_1,y_1,x_vel_1,y_vel_1,angle_1,id_2,type_2,color_2,x_2,y_2,x_vel_2,y_vel_2,angle_2,kind,id_1,type_1,color_1,x_1,y_1,x_vel_1,y_vel_1,angle_1,id_2,type_2,color_2,x_2,y_2,x_vel_2,y_vel_2,angle_2,kind,id_1,type_1,color_1,x_1,y_1,x_vel_1,y_vel_1,angle_1,id_2,type_2,color_2,x_2,y_2,x_vel_2,y_vel_2,angle_2,kind,id_1,type_1,color_1,x_1,y_1,x_vel_1,y_vel_1,angle_1,id_2,type_2,color_2,x_2,y_2,x_vel_2,y_vel_2,angle_2,kind,id_1,type_1,color_1,x_1,y_1,x_vel_1,y_vel_1,angle_1,id_2,type_2,color_2,x_2,y_2,x_vel_2,y_vel_2,angle_2,kind,id_1,type_1,color_1,x_1,y_1,x_vel_1,y_vel_1,angle_1,id_2,type_2,color_2,x_2,y_2,x_vel_2,y_vel_2,angle_2,kind,id_1,type_1,color_1,x_1,y_1,x_vel_1,y_vel_1,angle_1,id_2,type_2,color_2,x_2,y_2,x_vel_2,y_vel_2,angle_2,kind,id_1,type_1,color_1,x_1,y_1,x_vel_1,y_vel_1,angle_1,id_2,type_2,color_2,x_2,y_2,x_vel_2,y_vel_2,angle_2,kind,id_1,type_1,color_1,x_1,y_1,x_vel_1,y_vel_1,angle_1,id_2,type_2,color_2,x_2,y_2,x_vel_2,y_vel_2,angle_2,kind,id_1,type_1,color_1,x_1,y_1,x_vel_1,y_vel_1,angle_1,id_2,type_2,color_2,x_2,y_2,x_vel_2,y_vel_2,angle_2,kind,id_1,type_1,color_1,x_1,y_1,x_vel_1,y_vel_1,angle_1,id_2,type_2,color_2,x_2,y_2,x_vel_2,y_vel_2,angle_2,kind,id_1,type_1,color_1,x_1,y_1,x_vel_1,y_vel_1,angle_1,id_2,type_2,color_2,x_2,y_2,x_vel_2,y_vel_2,angle_2,kind,id_1,type_1,color_1,x_1,y_1,x_vel_1,y_vel_1,angle_1,id_2,type_2,color_2,x_2,y_2,x_vel_2,y_vel_2,angle_2,kind,id_1,type_1,color_1,x_1,y_1,x_vel_1,y_vel_1,angle_1,id_2,type_2,color_2,x_2,y_2,x_vel_2,y_vel_2,angle_2,kind,id_1,type_1,color_1,x_1,y_1,x_vel_1,y_vel_1,angle_1,id_2,type_2,color_2,x_2,y_2,x_vel_2,y_vel_2,angle_2,kind,id_1,type_1,color_1,x_1,y_1,x_vel_1,y_vel_1,angle_1,id_2,type_2,color_2,x_2,y_2,x_vel_2,y_vel_2,angle_2,kind,id_1,type_1,color_1,x_1,y_1,x_vel_1,y_vel_1,angle_1,id_2,type_2,color_2,x_2,y_2,x_vel_2,y_vel_2,angle_2,kind,id_1,type_1,color_1,x_1,y_1,x_vel_1,y_vel_1,angle_1,id_2,type_2,color_2,x_2,y_2,x_vel_2,y_vel_2,angle_2,kind,id_1,type_1,color_1,x_1,y_1,x_vel_1,y_vel_1,angle_1,id_2,type_2,color_2,x_2,y_2,x_vel_2,y_vel_2,angle_2,kind,id_1,type_1,color_1,x_1,y_1,x_vel_1,y_vel_1,angle_1,id_2,type_2,color_2,x_2,y_2,x_vel_2,y_vel_2,angle_2,kind,id_1,type_1,color_1,x_1,y_1,x_vel_1,y_vel_1,angle_1,id_2,type_2,color_2,x_2,y_2,x_vel_2,y_vel_2,angle_2,kind,id_1,type_1,color_1,x_1,y_1,x_vel_1,y_vel_1,angle_1,id_2,type_2,color_2,x_2,y_2,x_vel_2,y_vel_2,angle_2,kind,id_1,type_1,color_1,x_1,y_1,x_vel_1,y_vel_1,angle_1,id_2,type_2,color_2,x_2,y_2,x_vel_2,y_vel_2,angle_2,kind,id_1,type_1,color_1,x_1,y_1,x_vel_1,y_vel_1,angle_1,id_2,type_2,color_2,x_2,y_2,x_vel_2,y_vel_2,angle_2,kind,id_1,type_1,color_1,x_1,y_1,x_vel_1,y_vel_1,angle_1,id_2,type_2,color_2,x_2,y_2,x_vel_2,y_vel_2,angle_2,kind,id_1,type_1,color_1,x_1,y_1,x_vel_1,y_vel_1,angle_1,id_2,type_2,color_2,x_2,y_2,x_vel_2,y_vel_2,angle_2,kind,id_1,type_1,color_1,x_1,y_1,x_vel_1,y_vel_1,angle_1,id_2,type_2,color_2,x_2,y_2,x_vel_2,y_vel_2,angle_2,kind,id_1,type_1,color_1,x_1,y_1,x_vel_1,y_vel_1,angle_1,id_2,type_2,color_2,x_2,y_2,x_vel_2,y_vel_2,angle_2,kind,id_1,type_1,color_1,x_1,y_1,x_vel_1,y_vel_1,angle_1,id_2,type_2,color_2,x_2,y_2,x_vel_2,y_vel_2,angle_2,kind,id_1,type_1,color_1,x_1,y_1,x_vel_1,y_vel_1,angle_1,id_2,type_2,color_2,x_2,y_2,x_vel_2,y_vel_2,angle_2,kind,id_1,type_1,color_1,x_1,y_1,x_vel_1,y_vel_1,angle_1,id_2,type_2,color_2,x_2,y_2,x_vel_2,y_vel_2,angle_2,kind,id_1,type_1,color_1,x_1,y_1,x_vel_1,y_vel_1,angle_1,id_2,type_2,color_2,x_2,y_2,x_vel_2,y_vel_2,angle_2,kind,id_1,type_1,color_1,x_1,y_1,x_vel_1,y_vel_1,angle_1,id_2,type_2,color_2,x_2,y_2,x_vel_2,y_vel_2,angle_2,kind,id_1,type_1,color_1,x_1,y_1,x_vel_1,y_vel_1,angle_1,id_2,type_2,color_2,x_2,y_2,x_vel_2,y_vel_2,angle_2,kind,id_1,type_1,color_1,x_1,y_1,x_vel_1,y_vel_1,angle_1,id_2,type_2,color_2,x_2,y_2,x_vel_2,y_vel_2,angle_2,kind,id_1,type_1,color_1,x_1,y_1,x_vel_1,y_vel_1,angle_1,id_2,type_2,color_2,x_2,y_2,x_vel_2,y_vel_2,angle_2,kind,id_1,type_1,color_1,x_1,y_1,x_vel_1,y_vel_1,angle_1,id_2,type_2,color_2,x_2,y_2,x_vel_2,y_vel_2,angle_2,kind,id_1,type_1,color_1,x_1,y_1,x_vel_1,y_vel_1,angle_1,id_2,type_2,color_2,x_2,y_2,x_vel_2,y_vel_2,angle_2,kind,id_1,type_1,color_1,x_1,y_1,x_vel_1,y_vel_1,angle_1,id_2,type_2,color_2,x_2,y_2,x_vel_2,y_vel_2,angle_2,kind,id_1,type_1,color_1,x_1,y_1,x_vel_1,y_vel_1,angle_1,id_2,type_2,color_2,x_2,y_2,x_vel_2,y_vel_2,angle_2,kind,id_1,type_1,color_1,x_1,y_1,x_vel_1,y_vel_1,angle_1,id_2,type_2,color_2,x_2,y_2,x_vel_2,y_vel_2,angle_2,kind,id_1,type_1,color_1,x_1,y_1,x_vel_1,y_vel_1,angle_1,id_2,type_2,color_2,x_2,y_2,x_vel_2,y_vel_2,angle_2,kind,id_1,type_1,color_1,x_1,y_1,x_vel_1,y_vel_1,angle_1,id_2,type_2,color_2,x_2,y_2,x_vel_2,y_vel_2,angle_2,kind,id_1,type_1,color_1,x_1,y_1,x_vel_1,y_vel_1,angle_1,id_2,type_2,color_2,x_2,y_2,x_vel_2,y_vel_2,angle_2,kind,id_1,type_1,color_1,x_1,y_1,x_vel_1,y_vel_1,angle_1,id_2,type_2,color_2,x_2,y_2,x_vel_2,y_vel_2,angle_2,kind,id_1,type_1,color_1,x_1,y_1,x_vel_1,y_vel_1,angle_1,id_2,type_2,color_2,x_2,y_2,x_vel_2,y_vel_2,angle_2,kind,id_1,type_1,color_1,x_1,y_1,x_vel_1,y_vel_1,angle_1,id_2,type_2,color_2,x_2,y_2,x_vel_2,y_vel_2,angle_2,kind,id_1,type_1,color_1,x_1,y_1,x_vel_1,y_vel_1,angle_1,id_2,type_2,color_2,x_2,y_2,x_vel_2,y_vel_2,angle_2,kind,id_1,type_1,color_1,x_1,y_1,x_vel_1,y_vel_1,angle_1,id_2,type_2,color_2,x_2,y_2,x_vel_2,y_vel_2,angle_2,kind,id_1,type_1,color_1,x_1,y_1,x_vel_1,y_vel_1,angle_1,id_2,type_2,color_2,x_2,y_2,x_vel_2,y_vel_2,angle_2,kind,id_1,type_1,color_1,x_1,y_1,x_vel_1,y_vel_1,angle_1,id_2,type_2,color_2,x_2,y_2,x_vel_2,y_vel_2,angle_2,kind,id_1,type_1,color_1,x_1,y_1,x_vel_1,y_vel_1,angle_1,id_2,type_2,color_2,x_2,y_2,x_vel_2,y_vel_2,angle_2,kind,id_1,type_1,color_1,x_1,y_1,x_vel_1,y_vel_1,angle_1,id_2,type_2,color_2,x_2,y_2,x_vel_2,y_vel_2,angle_2,kind,id_1,type_1,color_1,x_1,y_1,x_vel_1,y_vel_1,angle_1,id_2,type_2,color_2,x_2,y_2,x_vel_2,y_vel_2,angle_2,kind,id_1,type_1,color_1,x_1,y_1,x_vel_1,y_vel_1,angle_1,id_2,type_2,color_2,x_2,y_2,x_vel_2,y_vel_2,angle_2,kind,id_1,type_1,color_1,x_1,y_1,x_vel_1,y_vel_1,angle_1,id_2,type_2,color_2,x_2,y_2,x_vel_2,y_vel_2,angle_2,kind,id_1,type_1,color_1,x_1,y_1,x_vel_1,y_vel_1,angle_1,id_2,type_2,color_2,x_2,y_2,x_vel_2,y_vel_2,angle_2,kind,id_1,type_1,color_1,x_1,y_1,x_vel_1,y_vel_1,angle_1,id_2,type_2,color_2,x_2,y_2,x_vel_2,y_vel_2,angle_2,kind,id_1,type_1,color_1,x_1,y_1,x_vel_1,y_vel_1,angle_1,id_2,type_2,color_2,x_2,y_2,x_vel_2,y_vel_2,angle_2,kind,id_1,type_1,color_1,x_1,y_1,x_vel_1,y_vel_1,angle_1,id_2,type_2,color_2,x_2,y_2,x_vel_2,y_vel_2,angle_2,kind,id_1,type_1,color_1,x_1,y_1,x_vel_1,y_vel_1,angle_1,id_2,type_2,color_2,x_2,y_2,x_vel_2,y_vel_2,angle_2,kind,id_1,type_1,color_1,x_1,y_1,x_vel_1,y_vel_1,angle_1,id_2,type_2,color_2,x_2,y_2,x_vel_2,y_vel_2,angle_2,kind,id_1,type_1,color_1,x_1,y_1,x_vel_1,y_vel_1,angle_1,id_2,type_2,color_2,x_2,y_2,x_vel_2,y_vel_2,angle_2,kind,id_1,type_1,color_1,x_1,y_1,x_vel_1,y_vel_1,angle_1,id_2,type_2,color_2,x_2,y_2,x_vel_2,y_vel_2,angle_2,kind,id_1,type_1,color_1,x_1,y_1,x_vel_1,y_vel_1,angle_1,id_2,type_2,color_2,x_2,y_2,x_vel_2,y_vel_2,angle_2,kind,id_1,type_1,color_1,x_1,y_1,x_vel_1,y_vel_1,angle_1,id_2,type_2,color_2,x_2,y_2,x_vel_2,y_vel_2,angle_2,kind,id_1,type_1,color_1,x_1,y_1,x_vel_1,y_vel_1,angle_1,id_2,type_2,color_2,x_2,y_2,x_vel_2,y_vel_2,angle_2,kind,id_1,type_1,color_1,x_1,y_1,x_vel_1,y_vel_1,angle_1,id_2,type_2,color_2,x_2,y_2,x_vel_2,y_vel_2,angle_2,kind,id_1,type_1,color_1,x_1,y_1,x_vel_1,y_vel_1,angle_1,id_2,type_2,color_2,x_2,y_2,x_vel_2,y_vel_2,angle_2,kind,id_1,type_1,color_1,x_1,y_1,x_vel_1,y_vel_1,angle_1,id_2,type_2,color_2,x_2,y_2,x_vel_2,y_vel_2,angle_2,kind,id_1,type_1,color_1,x_1,y_1,x_vel_1,y_vel_1,angle_1,id_2,type_2,color_2,x_2,y_2,x_vel_2,y_vel_2,angle_2,kind,id_1,type_1,color_1,x_1,y_1,x_vel_1,y_vel_1,angle_1,id_2,type_2,color_2,x_2,y_2,x_vel_2,y_vel_2,angle_2,kind,id_1,type_1,color_1,x_1,y_1,x_vel_1,y_vel_1,angle_1,id_2,type_2,color_2,x_2,y_2,x_vel_2,y_vel_2,angle_2,kind,id_1,type_1,color_1,x_1,y_1,x_vel_1,y_vel_1,angle_1,id_2,type_2,color_2,x_2,y_2,x_vel_2,y_vel_2,angle_2,kind,id_1,type_1,color_1,x_1,y_1,x_vel_1,y_vel_1,angle_1,id_2,type_2,color_2,x_2,y_2,x_vel_2,y_vel_2,angle_2,kind,id_1,type_1,color_1,x_1,y_1,x_vel_1,y_vel_1,angle_1,id_2,type_2,color_2,x_2,y_2,x_vel_2,y_vel_2,angle_2,kind,id_1,type_1,color_1,x_1,y_1,x_vel_1,y_vel_1,angle_1,id_2,type_2,color_2,x_2,y_2,x_vel_2,y_vel_2,angle_2,kind,id_1,type_1,color_1,x_1,y_1,x_vel_1,y_vel_1,angle_1,id_2,type_2,color_2,x_2,y_2,x_vel_2,y_vel_2,angle_2,kind,id_1,type_1,color_1,x_1,y_1,x_vel_1,y_vel_1,angle_1,id_2,type_2,color_2,x_2,y_2,x_vel_2,y_vel_2,angle_2,kind,id_1,type_1,color_1,x_1,y_1,x_vel_1,y_vel_1,angle_1,id_2,type_2,color_2,x_2,y_2,x_vel_2,y_vel_2,angle_2,kind,id_1,type_1,color_1,x_1,y_1,x_vel_1,y_vel_1,angle_1,id_2,type_2,color_2,x_2,y_2,x_vel_2,y_vel_2,angle_2,kind,id_1,type_1,color_1,x_1,y_1,x_vel_1,y_vel_1,angle_1,id_2,type_2,color_2,x_2,y_2,x_vel_2,y_vel_2,angle_2,kind,id_1,type_1,color_1,x_1,y_1,x_vel_1,y_vel_1,angle_1,id_2,type_2,color_2,x_2,y_2,x_vel_2,y_vel_2,angle_2,kind,id_1,type_1,color_1,x_1,y_1,x_vel_1,y_vel_1,angle_1,id_2,type_2,color_2,x_2,y_2,x_vel_2,y_vel_2,angle_2,kind,id_1,type_1,color_1,x_1,y_1,x_vel_1,y_vel_1,angle_1,id_2,type_2,color_2,x_2,y_2,x_vel_2,y_vel_2,angle_2,kind,id_1,type_1,color_1,x_1,y_1,x_vel_1,y_vel_1,angle_1,id_2,type_2,color_2,x_2,y_2,x_vel_2,y_vel_2,angle_2,kind,id_1,type_1,color_1,x_1,y_1,x_vel_1,y_vel_1,angle_1,id_2,type_2,color_2,x_2,y_2,x_vel_2,y_vel_2,angle_2,kind,id_1,type_1,color_1,x_1,y_1,x_vel_1,y_vel_1,angle_1,id_2,type_2,color_2,x_2,y_2,x_vel_2,y_vel_2,angle_2,kind,id_1,type_1,color_1,x_1,y_1,x_vel_1,y_vel_1,angle_1,id_2,type_2,color_2,x_2,y_2,x_vel_2,y_vel_2,angle_2,kind,id_1,type_1,color_1,x_1,y_1,x_vel_1,y_vel_1,angle_1,id_2,type_2,color_2,x_2,y_2,x_vel_2,y_vel_2,angle_2,kind,id_1,type_1,color_1,x_1,y_1,x_vel_1,y_vel_1,angle_1,id_2,type_2,color_2,x_2,y_2,x_vel_2,y_vel_2,angle_2,kind,id_1,type_1,color_1,x_1,y_1,x_vel_1,y_vel_1,angle_1,id_2,type_2,color_2,x_2,y_2,x_vel_2,y_vel_2,angle_2,kind,id_1,type_1,color_1,x_1,y_1,x_vel_1,y_vel_1,angle_1,id_2,type_2,color_2,x_2,y_2,x_vel_2,y_vel_2,angle_2,kind,id_1,type_1,color_1,x_1,y_1,x_vel_1,y_vel_1,angle_1,id_2,type_2,color_2,x_2,y_2,x_vel_2,y_vel_2,angle_2,kind,id_1,type_1,color_1,x_1,y_1,x_vel_1,y_vel_1,angle_1,id_2,type_2,color_2,x_2,y_2,x_vel_2,y_vel_2,angle_2,kind,id_1,type_1,color_1,x_1,y_1,x_vel_1,y_vel_1,angle_1,id_2,type_2,color_2,x_2,y_2,x_vel_2,y_vel_2,angle_2,kind,id_1,type_1,color_1,x_1,y_1,x_vel_1,y_vel_1,angle_1,id_2,type_2,color_2,x_2,y_2,x_vel_2,y_vel_2,angle_2,kind,id_1,type_1,color_1,x_1,y_1,x_vel_1,y_vel_1,angle_1,id_2,type_2,color_2,x_2,y_2,x_vel_2,y_vel_2,angle_2,kind,id_1,type_1,color_1,x_1,y_1,x_vel_1,y_vel_1,angle_1,id_2,type_2,color_2,x_2,y_2,x_vel_2,y_vel_2,angle_2,kind,id_1,type_1,color_1,x_1,y_1,x_vel_1,y_vel_1,angle_1,id_2,type_2,color_2,x_2,y_2,x_vel_2,y_vel_2,angle_2,kind,id_1,type_1,color_1,x_1,y_1,x_vel_1,y_vel_1,angle_1,id_2,type_2,color_2,x_2,y_2,x_vel_2,y_vel_2,angle_2,kind,id_1,type_1,color_1,x_1,y_1,x_vel_1,y_vel_1,angle_1,id_2,type_2,color_2,x_2,y_2,x_vel_2,y_vel_2,angle_2,kind,id_1,type_1,color_1,x_1,y_1,x_vel_1,y_vel_1,angle_1,id_2,type_2,color_2,x_2,y_2,x_vel_2,y_vel_2,angle_2,kind,id_1,type_1,color_1,x_1,y_1,x_vel_1,y_vel_1,angle_1,id_2,type_2,color_2,x_2,y_2,x_vel_2,y_vel_2,angle_2,kind,id_1,type_1,color_1,x_1,y_1,x_vel_1,y_vel_1,angle_1,id_2,type_2,color_2,x_2,y_2,x_vel_2,y_vel_2,angle_2,kind,id_1,type_1,color_1,x_1,y_1,x_vel_1,y_vel_1,angle_1,id_2,type_2,color_2,x_2,y_2,x_vel_2,y_vel_2,angle_2,kind,id_1,type_1,color_1,x_1,y_1,x_vel_1,y_vel_1,angle_1,id_2,type_2,color_2,x_2,y_2,x_vel_2,y_vel_2,angle_2,kind,id_1,type_1,color_1,x_1,y_1,x_vel_1,y_vel_1,angle_1,id_2,type_2,color_2,x_2,y_2,x_vel_2,y_vel_2,angle_2,kind,id_1,type_1,color_1,x_1,y_1,x_vel_1,y_vel_1,angle_1,id_2,type_2,color_2,x_2,y_2,x_vel_2,y_vel_2,angle_2,kind,id_1,type_1,color_1,x_1,y_1,x_vel_1,y_vel_1,angle_1,id_2,type_2,color_2,x_2,y_2,x_vel_2,y_vel_2,angle_2,kind,id_1,type_1,color_1,x_1,y_1,x_vel_1,y_vel_1,angle_1,id_2,type_2,color_2,x_2,y_2,x_vel_2,y_vel_2,angle_2,kind,id_1,type_1,color_1,x_1,y_1,x_vel_1,y_vel_1,angle_1,id_2,type_2,color_2,x_2,y_2,x_vel_2,y_vel_2,angle_2,kind,id_1,type_1,color_1,x_1,y_1,x_vel_1,y_vel_1,angle_1,id_2,type_2,color_2,x_2,y_2,x_vel_2,y_vel_2,angle_2,kind,id_1,type_1,color_1,x_1,y_1,x_vel_1,y_vel_1,angle_1,id_2,type_2,color_2,x_2,y_2,x_vel_2,y_vel_2,angle_2,kind,id_1,type_1,color_1,x_1,y_1,x_vel_1,y_vel_1,angle_1,id_2,type_2,color_2,x_2,y_2,x_vel_2,y_vel_2,angle_2,kind,id_1,type_1,color_1,x_1,y_1,x_vel_1,y_vel_1,angle_1,id_2,type_2,color_2,x_2,y_2,x_vel_2,y_vel_2,angle_2,kind,id_1,type_1,color_1,x_1,y_1,x_vel_1,y_vel_1,angle_1,id_2,type_2,color_2,x_2,y_2,x_vel_2,y_vel_2,angle_2,kind,id_1,type_1,color_1,x_1,y_1,x_vel_1,y_vel_1,angle_1,id_2,type_2,color_2,x_2,y_2,x_vel_2,y_vel_2,angle_2,kind,id_1,type_1,color_1,x_1,y_1,x_vel_1,y_vel_1,angle_1,id_2,type_2,color_2,x_2,y_2,x_vel_2,y_vel_2,angle_2,kind,id_1,type_1,color_1,x_1,y_1,x_vel_1,y_vel_1,angle_1,id_2,type_2,color_2,x_2,y_2,x_vel_2,y_vel_2,angle_2,kind,id_1,type_1,color_1,x_1,y_1,x_vel_1,y_vel_1,angle_1,id_2,type_2,color_2,x_2,y_2,x_vel_2,y_vel_2,angle_2,kind,id_1,type_1,color_1,x_1,y_1,x_vel_1,y_vel_1,angle_1,id_2,type_2,color_2,x_2,y_2,x_vel_2,y_vel_2,angle_2,kind,id_1,type_1,color_1,x_1,y_1,x_vel_1,y_vel_1,angle_1,id_2,type_2,color_2,x_2,y_2,x_vel_2,y_vel_2,angle_2,kind,id_1,type_1,color_1,x_1,y_1,x_vel_1,y_vel_1,angle_1,id_2,type_2,color_2,x_2,y_2,x_vel_2,y_vel_2,angle_2,kind,id_1,type_1,color_1,x_1,y_1,x_vel_1,y_vel_1,angle_1,id_2,type_2,color_2,x_2,y_2,x_vel_2,y_vel_2,angle_2,kind,id_1,type_1,color_1,x_1,y_1,x_vel_1,y_vel_1,angle_1,id_2,type_2,color_2,x_2,y_2,x_vel_2,y_vel_2,angle_2,kind,id_1,type_1,color_1,x_1,y_1,x_vel_1,y_vel_1,angle_1,id_2,type_2,color_2,x_2,y_2,x_vel_2,y_vel_2,angle_2,kind,id_1,type_1,color_1,x_1,y_1,x_vel_1,y_vel_1,angle_1,id_2,type_2,color_2,x_2,y_2,x_vel_2,y_vel_2,angle_2,kind,id_1,type_1,color_1,x_1,y_1,x_vel_1,y_vel_1,angle_1,id_2,type_2,color_2,x_2,y_2,x_vel_2,y_vel_2,angle_2,kind,id_1,type_1,color_1,x_1,y_1,x_vel_1,y_vel_1,angle_1,id_2,type_2,color_2,x_2,y_2,x_vel_2,y_vel_2,angle_2,kind,id_1,type_1,color_1,x_1,y_1,x_vel_1,y_vel_1,angle_1,id_2,type_2,color_2,x_2,y_2,x_vel_2,y_vel_2,angle_2,kind,id_1,type_1,color_1,x_1,y_1,x_vel_1,y_vel_1,angle_1,id_2,type_2,color_2,x_2,y_2,x_vel_2,y_vel_2,angle_2,kind,id_1,type_1,color_1,x_1,y_1,x_vel_1,y_vel_1,angle_1,id_2,type_2,color_2,x_2,y_2,x_vel_2,y_vel_2,angle_2,kind,id_1,type_1,color_1,x_1,y_1,x_vel_1,y_vel_1,angle_1,id_2,type_2,color_2,x_2,y_2,x_vel_2,y_vel_2,angle_2,kind,id_1,type_1,color_1,x_1,y_1,x_vel_1,y_vel_1,angle_1,id_2,type_2,color_2,x_2,y_2,x_vel_2,y_vel_2,angle_2,kind,id_1,type_1,color_1,x_1,y_1,x_vel_1,y_vel_1,angle_1,id_2,type_2,color_2,x_2,y_2,x_vel_2,y_vel_2,angle_2,kind,id_1,type_1,color_1,x_1,y_1,x_vel_1,y_vel_1,angle_1,id_2,type_2,color_2,x_2,y_2,x_vel_2,y_vel_2,angle_2,kind,id_1,type_1,color_1,x_1,y_1,x_vel_1,y_vel_1,angle_1,id_2,type_2,color_2,x_2,y_2,x_vel_2,y_vel_2,angle_2,kind,id_1,type_1,color_1,x_1,y_1,x_vel_1,y_vel_1,angle_1,id_2,type_2,color_2,x_2,y_2,x_vel_2,y_vel_2,angle_2,kind,id_1,type_1,color_1,x_1,y_1,x_vel_1,y_vel_1,angle_1,id_2,type_2,color_2,x_2,y_2,x_vel_2,y_vel_2,angle_2,kind,id_1,type_1,color_1,x_1,y_1,x_vel_1,y_vel_1,angle_1,id_2,type_2,color_2,x_2,y_2,x_vel_2,y_vel_2,angle_2,kind,id_1,type_1,color_1,x_1,y_1,x_vel_1,y_vel_1,angle_1,id_2,type_2,color_2,x_2,y_2,x_vel_2,y_vel_2,angle_2,kind,id_1,type_1,color_1,x_1,y_1,x_vel_1,y_vel_1,angle_1,id_2,type_2,color_2,x_2,y_2,x_vel_2,y_vel_2,angle_2,kind,id_1,type_1,color_1,x_1,y_1,x_vel_1,y_vel_1,angle_1,id_2,type_2,color_2,x_2,y_2,x_vel_2,y_vel_2,angle_2,kind,id_1,type_1,color_1,x_1,y_1,x_vel_1,y_vel_1,angle_1,id_2,type_2,color_2,x_2,y_2,x_vel_2,y_vel_2,angle_2,kind,id_1,type_1,color_1,x_1,y_1,x_vel_1,y_vel_1,angle_1,id_2,type_2,color_2,x_2,y_2,x_vel_2,y_vel_2,angle_2,kind,id_1,type_1,color_1,x_1,y_1,x_vel_1,y_vel_1,angle_1,id_2,type_2,color_2,x_2,y_2,x_vel_2,y_vel_2,angle_2,kind,id_1,type_1,color_1,x_1,y_1,x_vel_1,y_vel_1,angle_1,id_2,type_2,color_2,x_2,y_2,x_vel_2,y_vel_2,angle_2,kind,id_1,type_1,color_1,x_1,y_1,x_vel_1,y_vel_1,angle_1,id_2,type_2,color_2,x_2,y_2,x_vel_2,y_vel_2,angle_2,kind,id_1,type_1,color_1,x_1,y_1,x_vel_1,y_vel_1,angle_1,id_2,type_2,color_2,x_2,y_2,x_vel_2,y_vel_2,angle_2,kind,id_1,type_1,color_1,x_1,y_1,x_vel_1,y_vel_1,angle_1,id_2,type_2,color_2,x_2,y_2,x_vel_2,y_vel_2,angle_2,kind,id_1,type_1,color_1,x_1,y_1,x_vel_1,y_vel_1,angle_1,id_2,type_2,color_2,x_2,y_2,x_vel_2,y_vel_2,angle_2,kind,id_1,type_1,color_1,x_1,y_1,x_vel_1,y_vel_1,angle_1,id_2,type_2,color_2,x_2,y_2,x_vel_2,y_vel_2,angle_2,kind,id_1,type_1,color_1,x_1,y_1,x_vel_1,y_vel_1,angle_1,id_2,type_2,color_2,x_2,y_2,x_vel_2,y_vel_2,angle_2,kind,id_1,type_1,color_1,x_1,y_1,x_vel_1,y_vel_1,angle_1,id_2,type_2,color_2,x_2,y_2,x_vel_2,y_vel_2,angle_2,kind,id_1,type_1,color_1,x_1,y_1,x_vel_1,y_vel_1,angle_1,id_2,type_2,color_2,x_2,y_2,x_vel_2,y_vel_2,angle_2,kind,id_1,type_1,color_1,x_1,y_1,x_vel_1,y_vel_1,angle_1,id_2,type_2,color_2,x_2,y_2,x_vel_2,y_vel_2,angle_2,kind,id_1,type_1,color_1,x_1,y_1,x_vel_1,y_vel_1,angle_1,id_2,type_2,color_2,x_2,y_2,x_vel_2,y_vel_2,angle_2,kind,id_1,type_1,color_1,x_1,y_1,x_vel_1,y_vel_1,angle_1,id_2,type_2,color_2,x_2,y_2,x_vel_2,y_vel_2,angle_2,kind,id_1,type_1,color_1,x_1,y_1,x_vel_1,y_vel_1,angle_1,id_2,type_2,color_2,x_2,y_2,x_vel_2,y_vel_2,angle_2,kind,id_1,type_1,color_1,x_1,y_1,x_vel_1,y_vel_1,angle_1,id_2,type_2,color_2,x_2,y_2,x_vel_2,y_vel_2,angle_2,kind,id_1,type_1,color_1,x_1,y_1,x_vel_1,y_vel_1,angle_1,id_2,type_2,color_2,x_2,y_2,x_vel_2,y_vel_2,angle_2,kind,id_1,type_1,color_1,x_1,y_1,x_vel_1,y_vel_1,angle_1,id_2,type_2,color_2,x_2,y_2,x_vel_2,y_vel_2,angle_2,kind,id_1,type_1,color_1,x_1,y_1,x_vel_1,y_vel_1,angle_1,id_2,type_2,color_2,x_2,y_2,x_vel_2,y_vel_2,angle_2,kind,id_1,type_1,color_1,x_1,y_1,x_vel_1,y_vel_1,angle_1,id_2,type_2,color_2,x_2,y_2,x_vel_2,y_vel_2,angle_2,kind,id_1,type_1,color_1,x_1,y_1,x_vel_1,y_vel_1,angle_1,id_2,type_2,color_2,x_2,y_2,x_vel_2,y_vel_2,angle_2,kind,id_1,type_1,color_1,x_1,y_1,x_vel_1,y_vel_1,angle_1,id_2,type_2,color_2,x_2,y_2,x_vel_2,y_vel_2,angle_2,kind,id_1,type_1,color_1,x_1,y_1,x_vel_1,y_vel_1,angle_1,id_2,type_2,color_2,x_2,y_2,x_vel_2,y_vel_2,angle_2,kind,id_1,type_1,color_1,x_1,y_1,x_vel_1,y_vel_1,angle_1,id_2,type_2,color_2,x_2,y_2,x_vel_2,y_vel_2,angle_2,kind,id_1,type_1,color_1,x_1,y_1,x_vel_1,y_vel_1,angle_1,id_2,type_2,color_2,x_2,y_2,x_vel_2,y_vel_2,angle_2,kind,id_1,type_1,color_1,x_1,y_1,x_vel_1,y_vel_1,angle_1,id_2,type_2,color_2,x_2,y_2,x_vel_2,y_vel_2,angle_2,kind,id_1,type_1,color_1,x_1,y_1,x_vel_1,y_vel_1,angle_1,id_2,type_2,color_2,x_2,y_2,x_vel_2,y_vel_2,angle_2,kind,id_1,type_1,color_1,x_1,y_1,x_vel_1,y_vel_1,angle_1,id_2,type_2,color_2,x_2,y_2,x_vel_2,y_vel_2,angle_2,kind,id_1,type_1,color_1,x_1,y_1,x_vel_1,y_vel_1,angle_1,id_2,type_2,color_2,x_2,y_2,x_vel_2,y_vel_2,angle_2,kind,id_1,type_1,color_1,x_1,y_1,x_vel_1,y_vel_1,angle_1,id_2,type_2,color_2,x_2,y_2,x_vel_2,y_vel_2,angle_2,kind,id_1,type_1,color_1,x_1,y_1,x_vel_1,y_vel_1,angle_1,id_2,type_2,color_2,x_2,y_2,x_vel_2,y_vel_2,angle_2,kind,id_1,type_1,color_1,x_1,y_1,x_vel_1,y_vel_1,angle_1,id_2,type_2,color_2,x_2,y_2,x_vel_2,y_vel_2,angle_2,kind,id_1,type_1,color_1,x_1,y_1,x_vel_1,y_vel_1,angle_1,id_2,type_2,color_2,x_2,y_2,x_vel_2,y_vel_2,angle_2,kind,id_1,type_1,color_1,x_1,y_1,x_vel_1,y_vel_1,angle_1,id_2,type_2,color_2,x_2,y_2,x_vel_2,y_vel_2,angle_2,kind,id_1,type_1,color_1,x_1,y_1,x_vel_1,y_vel_1,angle_1,id_2,type_2,color_2,x_2,y_2,x_vel_2,y_vel_2,angle_2,kind,id_1,type_1,color_1,x_1,y_1,x_vel_1,y_vel_1,angle_1,id_2,type_2,color_2,x_2,y_2,x_vel_2,y_vel_2,angle_2,kind,id_1,type_1,color_1,x_1,y_1,x_vel_1,y_vel_1,angle_1,id_2,type_2,color_2,x_2,y_2,x_vel_2,y_vel_2,angle_2,kind,id_1,type_1,color_1,x_1,y_1,x_vel_1,y_vel_1,angle_1,id_2,type_2,color_2,x_2,y_2,x_vel_2,y_vel_2,angle_2,kind,id_1,type_1,color_1,x_1,y_1,x_vel_1,y_vel_1,angle_1,id_2,type_2,color_2,x_2,y_2,x_vel_2,y_vel_2,angle_2,kind,id_1,type_1,color_1,x_1,y_1,x_vel_1,y_vel_1,angle_1,id_2,type_2,color_2,x_2,y_2,x_vel_2,y_vel_2,angle_2,kind,id_1,type_1,color_1,x_1,y_1,x_vel_1,y_vel_1,angle_1,id_2,type_2,color_2,x_2,y_2,x_vel_2,y_vel_2,angle_2,kind,id_1,type_1,color_1,x_1,y_1,x_vel_1,y_vel_1,angle_1,id_2,type_2,color_2,x_2,y_2,x_vel_2,y_vel_2,angle_2,kind,id_1,type_1,color_1,x_1,y_1,x_vel_1,y_vel_1,angle_1,id_2,type_2,color_2,x_2,y_2,x_vel_2,y_vel_2,angle_2,kind,id_1,type_1,color_1,x_1,y_1,x_vel_1,y_vel_1,angle_1,id_2,type_2,color_2,x_2,y_2,x_vel_2,y_vel_2,angle_2,kind,id_1,type_1,color_1,x_1,y_1,x_vel_1,y_vel_1,angle_1,id_2,type_2,color_2,x_2,y_2,x_vel_2,y_vel_2,angle_2,kind,id_1,type_1,color_1,x_1,y_1,x_vel_1,y_vel_1,angle_1,id_2,type_2,color_2,x_2,y_2,x_vel_2,y_vel_2,angle_2,kind,id_1,type_1,color_1,x_1,y_1,x_vel_1,y_vel_1,angle_1,id_2,type_2,color_2,x_2,y_2,x_vel_2,y_vel_2,angle_2,kind,id_1,type_1,color_1,x_1,y_1,x_vel_1,y_vel_1,angle_1,id_2,type_2,color_2,x_2,y_2,x_vel_2,y_vel_2,angle_2,kind,id_1,type_1,color_1,x_1,y_1,x_vel_1,y_vel_1,angle_1,id_2,type_2,color_2,x_2,y_2,x_vel_2,y_vel_2,angle_2,kind,id_1,type_1,color_1,x_1,y_1,x_vel_1,y_vel_1,angle_1,id_2,type_2,color_2,x_2,y_2,x_vel_2,y_vel_2,angle_2,kind,id_1,type_1,color_1,x_1,y_1,x_vel_1,y_vel_1,angle_1,id_2,type_2,color_2,x_2,y_2,x_vel_2,y_vel_2,angle_2,kind,id_1,type_1,color_1,x_1,y_1,x_vel_1,y_vel_1,angle_1,id_2,type_2,color_2,x_2,y_2,x_vel_2,y_vel_2,angle_2,kind,id_1,type_1,color_1,x_1,y_1,x_vel_1,y_vel_1,angle_1,id_2,type_2,color_2,x_2,y_2,x_vel_2,y_vel_2,angle_2,kind,id_1,type_1,color_1,x_1,y_1,x_vel_1,y_vel_1,angle_1,id_2,type_2,color_2,x_2,y_2,x_vel_2,y_vel_2,angle_2,kind,id_1,type_1,color_1,x_1,y_1,x_vel_1,y_vel_1,angle_1,id_2,type_2,color_2,x_2,y_2,x_vel_2,y_vel_2,angle_2,kind,id_1,type_1,color_1,x_1,y_1,x_vel_1,y_vel_1,angle_1,id_2,type_2,color_2,x_2,y_2,x_vel_2,y_vel_2,angle_2,kind,id_1,type_1,color_1,x_1,y_1,x_vel_1,y_vel_1,angle_1,id_2,type_2,color_2,x_2,y_2,x_vel_2,y_vel_2,angle_2,kind,id_1,type_1,color_1,x_1,y_1,x_vel_1,y_vel_1,angle_1,id_2,type_2,color_2,x_2,y_2,x_vel_2,y_vel_2,angle_2,kind,id_1,type_1,color_1,x_1,y_1,x_vel_1,y_vel_1,angle_1,id_2,type_2,color_2,x_2,y_2,x_vel_2,y_vel_2,angle_2,kind,id_1,type_1,color_1,x_1,y_1,x_vel_1,y_vel_1,angle_1,id_2,type_2,color_2,x_2,y_2,x_vel_2,y_vel_2,angle_2,kind,id_1,type_1,color_1,x_1,y_1,x_vel_1,y_vel_1,angle_1,id_2,type_2,color_2,x_2,y_2,x_vel_2,y_vel_2,angle_2,kind,id_1,type_1,color_1,x_1,y_1,x_vel_1,y_vel_1,angle_1,id_2,type_2,color_2,x_2,y_2,x_vel_2,y_vel_2,angle_2,kind,id_1,type_1,color_1,x_1,y_1,x_vel_1,y_vel_1,angle_1,id_2,type_2,color_2,x_2,y_2,x_vel_2,y_vel_2,angle_2,kind,id_1,type_1,color_1,x_1,y_1,x_vel_1,y_vel_1,angle_1,id_2,type_2,color_2,x_2,y_2,x_vel_2,y_vel_2,angle_2,kind,id_1,type_1,color_1,x_1,y_1,x_vel_1,y_vel_1,angle_1,id_2,type_2,color_2,x_2,y_2,x_vel_2,y_vel_2,angle_2,kind,id_1,type_1,color_1,x_1,y_1,x_vel_1,y_vel_1,angle_1,id_2,type_2,color_2,x_2,y_2,x_vel_2,y_vel_2,angle_2,kind,id_1,type_1,color_1,x_1,y_1,x_vel_1,y_vel_1,angle_1,id_2,type_2,color_2,x_2,y_2,x_vel_2,y_vel_2,angle_2,kind,id_1,type_1,color_1,x_1,y_1,x_vel_1,y_vel_1,angle_1,id_2,type_2,color_2,x_2,y_2,x_vel_2,y_vel_2,angle_2,kind,id_1,type_1,color_1,x_1,y_1,x_vel_1,y_vel_1,angle_1,id_2,type_2,color_2,x_2,y_2,x_vel_2,y_vel_2,angle_2,kind,id_1,type_1,color_1,x_1,y_1,x_vel_1,y_vel_1,angle_1,id_2,type_2,color_2,x_2,y_2,x_vel_2,y_vel_2,angle_2,kind,id_1,type_1,color_1,x_1,y_1,x_vel_1,y_vel_1,angle_1,id_2,type_2,color_2,x_2,y_2,x_vel_2,y_vel_2,angle_2,kind,id_1,type_1,color_1,x_1,y_1,x_vel_1,y_vel_1,angle_1,id_2,type_2,color_2,x_2,y_2,x_vel_2,y_vel_2,angle_2,kind,id_1,type_1,color_1,x_1,y_1,x_vel_1,y_vel_1,angle_1,id_2,type_2,color_2,x_2,y_2,x_vel_2,y_vel_2,angle_2,kind,id_1,type_1,color_1,x_1,y_1,x_vel_1,y_vel_1,angle_1,id_2,type_2,color_2,x_2,y_2,x_vel_2,y_vel_2,angle_2,kind,id_1,type_1,color_1,x_1,y_1,x_vel_1,y_vel_1,angle_1,id_2,type_2,color_2,x_2,y_2,x_vel_2,y_vel_2,angle_2,kind,id_1,type_1,color_1,x_1,y_1,x_vel_1,y_vel_1,angle_1,id_2,type_2,color_2,x_2,y_2,x_vel_2,y_vel_2,angle_2,kind,id_1,type_1,color_1,x_1,y_1,x_vel_1,y_vel_1,angle_1,id_2,type_2,color_2,x_2,y_2,x_vel_2,y_vel_2,angle_2,kind,id_1,type_1,color_1,x_1,y_1,x_vel_1,y_vel_1,angle_1,id_2,type_2,color_2,x_2,y_2,x_vel_2,y_vel_2,angle_2,kind,id_1,type_1,color_1,x_1,y_1,x_vel_1,y_vel_1,angle_1,id_2,type_2,color_2,x_2,y_2,x_vel_2,y_vel_2,angle_2,kind,id_1,type_1,color_1,x_1,y_1,x_vel_1,y_vel_1,angle_1,id_2,type_2,color_2,x_2,y_2,x_vel_2,y_vel_2,angle_2,kind,id_1,type_1,color_1,x_1,y_1,x_vel_1,y_vel_1,angle_1,id_2,type_2,color_2,x_2,y_2,x_vel_2,y_vel_2,angle_2,kind,id_1,type_1,color_1,x_1,y_1,x_vel_1,y_vel_1,angle_1,id_2,type_2,color_2,x_2,y_2,x_vel_2,y_vel_2,angle_2,kind,id_1,type_1,color_1,x_1,y_1,x_vel_1,y_vel_1,angle_1,id_2,type_2,color_2,x_2,y_2,x_vel_2,y_vel_2,angle_2,kind,id_1,type_1,color_1,x_1,y_1,x_vel_1,y_vel_1,angle_1,id_2,type_2,color_2,x_2,y_2,x_vel_2,y_vel_2,angle_2,kind,id_1,type_1,color_1,x_1,y_1,x_vel_1,y_vel_1,angle_1,id_2,type_2,color_2,x_2,y_2,x_vel_2,y_vel_2,angle_2,kind,id_1,type_1,color_1,x_1,y_1,x_vel_1,y_vel_1,angle_1,id_2,type_2,color_2,x_2,y_2,x_vel_2,y_vel_2,angle_2,kind,id_1,type_1,color_1,x_1,y_1,x_vel_1,y_vel_1,angle_1,id_2,type_2,color_2,x_2,y_2,x_vel_2,y_vel_2,angle_2,kind,id_1,type_1,color_1,x_1,y_1,x_vel_1,y_vel_1,angle_1,id_2,type_2,color_2,x_2,y_2,x_vel_2,y_vel_2,angle_2,kind,id_1,type_1,color_1,x_1,y_1,x_vel_1,y_vel_1,angle_1,id_2,type_2,color_2,x_2,y_2,x_vel_2,y_vel_2,angle_2,kind,id_1,type_1,color_1,x_1,y_1,x_vel_1,y_vel_1,angle_1,id_2,type_2,color_2,x_2,y_2,x_vel_2,y_vel_2,angle_2,kind,id_1,type_1,color_1,x_1,y_1,x_vel_1,y_vel_1,angle_1,id_2,type_2,color_2,x_2,y_2,x_vel_2,y_vel_2,angle_2,kind,id_1,type_1,color_1,x_1,y_1,x_vel_1,y_vel_1,angle_1,id_2,type_2,color_2,x_2,y_2,x_vel_2,y_vel_2,angle_2,kind,id_1,type_1,color_1,x_1,y_1,x_vel_1,y_vel_1,angle_1,id_2,type_2,color_2,x_2,y_2,x_vel_2,y_vel_2,angle_2,kind,id_1,type_1,color_1,x_1,y_1,x_vel_1,y_vel_1,angle_1,id_2,type_2,color_2,x_2,y_2,x_vel_2,y_vel_2,angle_2,kind,id_1,type_1,color_1,x_1,y_1,x_vel_1,y_vel_1,angle_1,id_2,type_2,color_2,x_2,y_2,x_vel_2,y_vel_2,angle_2,kind,id_1,type_1,color_1,x_1,y_1,x_vel_1,y_vel_1,angle_1,id_2,type_2,color_2,x_2,y_2,x_vel_2,y_vel_2,angle_2,kind,id_1,type_1,color_1,x_1,y_1,x_vel_1,y_vel_1,angle_1,id_2,type_2,color_2,x_2,y_2,x_vel_2,y_vel_2,angle_2,kind,id_1,type_1,color_1,x_1,y_1,x_vel_1,y_vel_1,angle_1,id_2,type_2,color_2,x_2,y_2,x_vel_2,y_vel_2,angle_2,kind,id_1,type_1,color_1,x_1,y_1,x_vel_1,y_vel_1,angle_1,id_2,type_2,color_2,x_2,y_2,x_vel_2,y_vel_2,angle_2,kind,id_1,type_1,color_1,x_1,y_1,x_vel_1,y_vel_1,angle_1,id_2,type_2,color_2,x_2,y_2,x_vel_2,y_vel_2,angle_2,kind,id_1,type_1,color_1,x_1,y_1,x_vel_1,y_vel_1,angle_1,id_2,type_2,color_2,x_2,y_2,x_vel_2,y_vel_2,angle_2,kind,id_1,type_1,color_1,x_1,y_1,x_vel_1,y_vel_1,angle_1,id_2,type_2,color_2,x_2,y_2,x_vel_2,y_vel_2,angle_2,kind,id_1,type_1,color_1,x_1,y_1,x_vel_1,y_vel_1,angle_1,id_2,type_2,color_2,x_2,y_2,x_vel_2,y_vel_2,angle_2,kind,id_1,type_1,color_1,x_1,y_1,x_vel_1,y_vel_1,angle_1,id_2,type_2,color_2,x_2,y_2,x_vel_2,y_vel_2,angle_2,kind,id_1,type_1,color_1,x_1,y_1,x_vel_1,y_vel_1,angle_1,id_2,type_2,color_2,x_2,y_2,x_vel_2,y_vel_2,angle_2,kind,id_1,type_1,color_1,x_1,y_1,x_vel_1,y_vel_1,angle_1,id_2,type_2,color_2,x_2,y_2,x_vel_2,y_vel_2,angle_2,kind,id_1,type_1,color_1,x_1,y_1,x_vel_1,y_vel_1,angle_1,id_2,type_2,color_2,x_2,y_2,x_vel_2,y_vel_2,angle_2,kind,id_1,type_1,color_1,x_1,y_1,x_vel_1,y_vel_1,angle_1,id_2,type_2,color_2,x_2,y_2,x_vel_2,y_vel_2,angle_2,kind,id_1,type_1,color_1,x_1,y_1,x_vel_1,y_vel_1,angle_1,id_2,type_2,color_2,x_2,y_2,x_vel_2,y_vel_2,angle_2,kind,id_1,type_1,color_1,x_1,y_1,x_vel_1,y_vel_1,angle_1,id_2,type_2,color_2,x_2,y_2,x_vel_2,y_vel_2,angle_2,kind,id_1,type_1,color_1,x_1,y_1,x_vel_1,y_vel_1,angle_1,id_2,type_2,color_2,x_2,y_2,x_vel_2,y_vel_2,angle_2,kind,id_1,type_1,color_1,x_1,y_1,x_vel_1,y_vel_1,angle_1,id_2,type_2,color_2,x_2,y_2,x_vel_2,y_vel_2,angle_2,kind,id_1,type_1,color_1,x_1,y_1,x_vel_1,y_vel_1,angle_1,id_2,type_2,color_2,x_2,y_2,x_vel_2,y_vel_2,angle_2,kind,id_1,type_1,color_1,x_1,y_1,x_vel_1,y_vel_1,angle_1,id_2,type_2,color_2,x_2,y_2,x_vel_2,y_vel_2,angle_2,kind,id_1,type_1,color_1,x_1,y_1,x_vel_1,y_vel_1,angle_1,id_2,type_2,color_2,x_2,y_2,x_vel_2,y_vel_2,angle_2,kind,id_1,type_1,color_1,x_1,y_1,x_vel_1,y_vel_1,angle_1,id_2,type_2,color_2,x_2,y_2,x_vel_2,y_vel_2,angle_2,kind,id_1,type_1,color_1,x_1,y_1,x_vel_1,y_vel_1,angle_1,id_2,type_2,color_2,x_2,y_2,x_vel_2,y_vel_2,angle_2,kind,id_1,type_1,color_1,x_1,y_1,x_vel_1,y_vel_1,angle_1,id_2,type_2,color_2,x_2,y_2,x_vel_2,y_vel_2,angle_2,kind,id_1,type_1,color_1,x_1,y_1,x_vel_1,y_vel_1,angle_1,id_2,type_2,color_2,x_2,y_2,x_vel_2,y_vel_2,angle_2,kind,id_1,type_1,color_1,x_1,y_1,x_vel_1,y_vel_1,angle_1,id_2,type_2,color_2,x_2,y_2,x_vel_2,y_vel_2,angle_2,kind,id_1,type_1,color_1,x_1,y_1,x_vel_1,y_vel_1,angle_1,id_2,type_2,color_2,x_2,y_2,x_vel_2,y_vel_2,angle_2,kind,id_1,type_1,color_1,x_1,y_1,x_vel_1,y_vel_1,angle_1,id_2,type_2,color_2,x_2,y_2,x_vel_2,y_vel_2,angle_2,kind,id_1,type_1,color_1,x_1,y_1,x_vel_1,y_vel_1,angle_1,id_2,type_2,color_2,x_2,y_2,x_vel_2,y_vel_2,angle_2,kind,id_1,type_1,color_1,x_1,y_1,x_vel_1,y_vel_1,angle_1,id_2,type_2,color_2,x_2,y_2,x_vel_2,y_vel_2,angle_2,kind,id_1,type_1,color_1,x_1,y_1,x_vel_1,y_vel_1,angle_1,id_2,type_2,color_2,x_2,y_2,x_vel_2,y_vel_2,angle_2,kind,id_1,type_1,color_1,x_1,y_1,x_vel_1,y_vel_1,angle_1,id_2,type_2,color_2,x_2,y_2,x_vel_2,y_vel_2,angle_2,kind,id_1,type_1,color_1,x_1,y_1,x_vel_1,y_vel_1,angle_1,id_2,type_2,color_2,x_2,y_2,x_vel_2,y_vel_2,angle_2,kind,id_1,type_1,color_1,x_1,y_1,x_vel_1,y_vel_1,angle_1,id_2,type_2,color_2,x_2,y_2,x_vel_2,y_vel_2,angle_2,kind,id_1,type_1,color_1,x_1,y_1,x_vel_1,y_vel_1,angle_1,id_2,type_2,color_2,x_2,y_2,x_vel_2,y_vel_2,angle_2,kind,id_1,type_1,color_1,x_1,y_1,x_vel_1,y_vel_1,angle_1,id_2,type_2,color_2,x_2,y_2,x_vel_2,y_vel_2,angle_2,kind,id_1,type_1,color_1,x_1,y_1,x_vel_1,y_vel_1,angle_1,id_2,type_2,color_2,x_2,y_2,x_vel_2,y_vel_2,angle_2,kind,id_1,type_1,color_1,x_1,y_1,x_vel_1,y_vel_1,angle_1,id_2,type_2,color_2,x_2,y_2,x_vel_2,y_vel_2,angle_2,kind,id_1,type_1,color_1,x_1,y_1,x_vel_1,y_vel_1,angle_1,id_2,type_2,color_2,x_2,y_2,x_vel_2,y_vel_2,angle_2,kind,id_1,type_1,color_1,x_1,y_1,x_vel_1,y_vel_1,angle_1,id_2,type_2,color_2,x_2,y_2,x_vel_2,y_vel_2,angle_2,kind,id_1,type_1,color_1,x_1,y_1,x_vel_1,y_vel_1,angle_1,id_2,type_2,color_2,x_2,y_2,x_vel_2,y_vel_2,angle_2,kind,id_1,type_1,color_1,x_1,y_1,x_vel_1,y_vel_1,angle_1,id_2,type_2,color_2,x_2,y_2,x_vel_2,y_vel_2,angle_2,kind,id_1,type_1,color_1,x_1,y_1,x_vel_1,y_vel_1,angle_1,id_2,type_2,color_2,x_2,y_2,x_vel_2,y_vel_2,angle_2,kind,id_1,type_1,color_1,x_1,y_1,x_vel_1,y_vel_1,angle_1,id_2,type_2,color_2,x_2,y_2,x_vel_2,y_vel_2,angle_2,kind,id_1,type_1,color_1,x_1,y_1,x_vel_1,y_vel_1,angle_1,id_2,type_2,color_2,x_2,y_2,x_vel_2,y_vel_2,angle_2,kind,id_1,type_1,color_1,x_1,y_1,x_vel_1,y_vel_1,angle_1,id_2,type_2,color_2,x_2,y_2,x_vel_2,y_vel_2,angle_2,kind,id_1,type_1,color_1,x_1,y_1,x_vel_1,y_vel_1,angle_1,id_2,type_2,color_2,x_2,y_2,x_vel_2,y_vel_2,angle_2,kind,id_1,type_1,color_1,x_1,y_1,x_vel_1,y_vel_1,angle_1,id_2,type_2,color_2,x_2,y_2,x_vel_2,y_vel_2,angle_2,kind,id_1,type_1,color_1,x_1,y_1,x_vel_1,y_vel_1,angle_1,id_2,type_2,color_2,x_2,y_2,x_vel_2,y_vel_2,angle_2,kind,id_1,type_1,color_1,x_1,y_1,x_vel_1,y_vel_1,angle_1,id_2,type_2,color_2,x_2,y_2,x_vel_2,y_vel_2,angle_2,kind,id_1,type_1,color_1,x_1,y_1,x_vel_1,y_vel_1,angle_1,id_2,type_2,color_2,x_2,y_2,x_vel_2,y_vel_2,angle_2,kind,id_1,type_1,color_1,x_1,y_1,x_vel_1,y_vel_1,angle_1,id_2,type_2,color_2,x_2,y_2,x_vel_2,y_vel_2,angle_2,kind,id_1,type_1,color_1,x_1,y_1,x_vel_1,y_vel_1,angle_1,id_2,type_2,color_2,x_2,y_2,x_vel_2,y_vel_2,angle_2,kind,id_1,type_1,color_1,x_1,y_1,x_vel_1,y_vel_1,angle_1,id_2,type_2,color_2,x_2,y_2,x_vel_2,y_vel_2,angle_2,kind,id_1,type_1,color_1,x_1,y_1,x_vel_1,y_vel_1,angle_1,id_2,type_2,color_2,x_2,y_2,x_vel_2,y_vel_2,angle_2,kind,id_1,type_1,color_1,x_1,y_1,x_vel_1,y_vel_1,angle_1,id_2,type_2,color_2,x_2,y_2,x_vel_2,y_vel_2,angle_2,kind,id_1,type_1,color_1,x_1,y_1,x_vel_1,y_vel_1,angle_1,id_2,type_2,color_2,x_2,y_2,x_vel_2,y_vel_2,angle_2,kind,id_1,type_1,color_1,x_1,y_1,x_vel_1,y_vel_1,angle_1,id_2,type_2,color_2,x_2,y_2,x_vel_2,y_vel_2,angle_2,kind,id_1,type_1,color_1,x_1,y_1,x_vel_1,y_vel_1,angle_1,id_2,type_2,color_2,x_2,y_2,x_vel_2,y_vel_2,angle_2,kind,id_1,type_1,color_1,x_1,y_1,x_vel_1,y_vel_1,angle_1,id_2,type_2,color_2,x_2,y_2,x_vel_2,y_vel_2,angle_2,kind,id_1,type_1,color_1,x_1,y_1,x_vel_1,y_vel_1,angle_1,id_2,type_2,color_2,x_2,y_2,x_vel_2,y_vel_2,angle_2,kind,id_1,type_1,color_1,x_1,y_1,x_vel_1,y_vel_1,angle_1,id_2,type_2,color_2,x_2,y_2,x_vel_2,y_vel_2,angle_2,kind,id_1,type_1,color_1,x_1,y_1,x_vel_1,y_vel_1,angle_1,id_2,type_2,color_2,x_2,y_2,x_vel_2,y_vel_2,angle_2,kind,id_1,type_1,color_1,x_1,y_1,x_vel_1,y_vel_1,angle_1,id_2,type_2,color_2,x_2,y_2,x_vel_2,y_vel_2,angle_2,kind,id_1,type_1,color_1,x_1,y_1,x_vel_1,y_vel_1,angle_1,id_2,type_2,color_2,x_2,y_2,x_vel_2,y_vel_2,angle_2,kind,id_1,type_1,color_1,x_1,y_1,x_vel_1,y_vel_1,angle_1,id_2,type_2,color_2,x_2,y_2,x_vel_2,y_vel_2,angle_2,kind,id_1,type_1,color_1,x_1,y_1,x_vel_1,y_vel_1,angle_1,id_2,type_2,color_2,x_2,y_2,x_vel_2,y_vel_2,angle_2,kind,id_1,type_1,color_1,x_1,y_1,x_vel_1,y_vel_1,angle_1,id_2,type_2,color_2,x_2,y_2,x_vel_2,y_vel_2,angle_2,kind,id_1,type_1,color_1,x_1,y_1,x_vel_1,y_vel_1,angle_1,id_2,type_2,color_2,x_2,y_2,x_vel_2,y_vel_2,angle_2,kind,id_1,type_1,color_1,x_1,y_1,x_vel_1,y_vel_1,angle_1,id_2,type_2,color_2,x_2,y_2,x_vel_2,y_vel_2,angle_2,kind,id_1,type_1,color_1,x_1,y_1,x_vel_1,y_vel_1,angle_1,id_2,type_2,color_2,x_2,y_2,x_vel_2,y_vel_2,angle_2,kind,id_1,type_1,color_1,x_1,y_1,x_vel_1,y_vel_1,angle_1,id_2,type_2,color_2,x_2,y_2,x_vel_2,y_vel_2,angle_2,kind,id_1,type_1,color_1,x_1,y_1,x_vel_1,y_vel_1,angle_1,id_2,type_2,color_2,x_2,y_2,x_vel_2,y_vel_2,angle_2,kind,id_1,type_1,color_1,x_1,y_1,x_vel_1,y_vel_1,angle_1,id_2,type_2,color_2,x_2,y_2,x_vel_2,y_vel_2,angle_2,kind,id_1,type_1,color_1,x_1,y_1,x_vel_1,y_vel_1,angle_1,id_2,type_2,color_2,x_2,y_2,x_vel_2,y_vel_2,angle_2,kind,id_1,type_1,color_1,x_1,y_1,x_vel_1,y_vel_1,angle_1,id_2,type_2,color_2,x_2,y_2,x_vel_2,y_vel_2,angle_2,kind,id_1,type_1,color_1,x_1,y_1,x_vel_1,y_vel_1,angle_1,id_2,type_2,color_2,x_2,y_2,x_vel_2,y_vel_2,angle_2,kind,id_1,type_1,color_1,x_1,y_1,x_vel_1,y_vel_1,angle_1,id_2,type_2,color_2,x_2,y_2,x_vel_2,y_vel_2,angle_2,kind,id_1,type_1,color_1,x_1,y_1,x_vel_1,y_vel_1,angle_1,id_2,type_2,color_2,x_2,y_2,x_vel_2,y_vel_2,angle_2,kind,id_1,type_1,color_1,x_1,y_1,x_vel_1,y_vel_1,angle_1,id_2,type_2,color_2,x_2,y_2,x_vel_2,y_vel_2,angle_2,kind,id_1,type_1,color_1,x_1,y_1,x_vel_1,y_vel_1,angle_1,id_2,type_2,color_2,x_2,y_2,x_vel_2,y_vel_2,angle_2,kind,id_1,type_1,color_1,x_1,y_1,x_vel_1,y_vel_1,angle_1,id_2,type_2,color_2,x_2,y_2,x_vel_2,y_vel_2,angle_2,kind,id_1,type_1,color_1,x_1,y_1,x_vel_1,y_vel_1,angle_1,id_2,type_2,color_2,x_2,y_2,x_vel_2,y_vel_2,angle_2,kind,id_1,type_1,color_1,x_1,y_1,x_vel_1,y_vel_1,angle_1,id_2,type_2,color_2,x_2,y_2,x_vel_2,y_vel_2,angle_2,kind,id_1,type_1,color_1,x_1,y_1,x_vel_1,y_vel_1,angle_1,id_2,type_2,color_2,x_2,y_2,x_vel_2,y_vel_2,angle_2,kind,id_1,type_1,color_1,x_1,y_1,x_vel_1,y_vel_1,angle_1,id_2,type_2,color_2,x_2,y_2,x_vel_2,y_vel_2,angle_2,kind,id_1,type_1,color_1,x_1,y_1,x_vel_1,y_vel_1,angle_1,id_2,type_2,color_2,x_2,y_2,x_vel_2,y_vel_2,angle_2,kind,id_1,type_1,color_1,x_1,y_1,x_vel_1,y_vel_1,angle_1,id_2,type_2,color_2,x_2,y_2,x_vel_2,y_vel_2,angle_2,kind,id_1,type_1,color_1,x_1,y_1,x_vel_1,y_vel_1,angle_1,id_2,type_2,color_2,x_2,y_2,x_vel_2,y_vel_2,angle_2,kind,id_1,type_1,color_1,x_1,y_1,x_vel_1,y_vel_1,angle_1,id_2,type_2,color_2,x_2,y_2,x_vel_2,y_vel_2,angle_2,kind,id_1,type_1,color_1,x_1,y_1,x_vel_1,y_vel_1,angle_1,id_2,type_2,color_2,x_2,y_2,x_vel_2,y_vel_2,angle_2,kind,id_1,type_1,color_1,x_1,y_1,x_vel_1,y_vel_1,angle_1,id_2,type_2,color_2,x_2,y_2,x_vel_2,y_vel_2,angle_2,kind,id_1,type_1,color_1,x_1,y_1,x_vel_1,y_vel_1,angle_1,id_2,type_2,color_2,x_2,y_2,x_vel_2,y_vel_2,angle_2,kind,id_1,type_1,color_1,x_1,y_1,x_vel_1,y_vel_1,angle_1,id_2,type_2,color_2,x_2,y_2,x_vel_2,y_vel_2,angle_2,kind,id_1,type_1,color_1,x_1,y_1,x_vel_1,y_vel_1,angle_1,id_2,type_2,color_2,x_2,y_2,x_vel_2,y_vel_2,angle_2,kind,id_1,type_1,color_1,x_1,y_1,x_vel_1,y_vel_1,angle_1,id_2,type_2,color_2,x_2,y_2,x_vel_2,y_vel_2,angle_2,kind,id_1,type_1,color_1,x_1,y_1,x_vel_1,y_vel_1,angle_1,id_2,type_2,color_2,x_2,y_2,x_vel_2,y_vel_2,angle_2,kind,id_1,type_1,color_1,x_1,y_1,x_vel_1,y_vel_1,angle_1,id_2,type_2,color_2,x_2,y_2,x_vel_2,y_vel_2,angle_2,kind,id_1,type_1,color_1,x_1,y_1,x_vel_1,y_vel_1,angle_1,id_2,type_2,color_2,x_2,y_2,x_vel_2,y_vel_2,angle_2,kind,id_1,type_1,color_1,x_1,y_1,x_vel_1,y_vel_1,angle_1,id_2,type_2,color_2,x_2,y_2,x_vel_2,y_vel_2,angle_2,kind,id_1,type_1,color_1,x_1,y_1,x_vel_1,y_vel_1,angle_1,id_2,type_2,color_2,x_2,y_2,x_vel_2,y_vel_2,angle_2,kind,id_1,type_1,color_1,x_1,y_1,x_vel_1,y_vel_1,angle_1,id_2,type_2,color_2,x_2,y_2,x_vel_2,y_vel_2,angle_2,kind,id_1,type_1,color_1,x_1,y_1,x_vel_1,y_vel_1,angle_1,id_2,type_2,color_2,x_2,y_2,x_vel_2,y_vel_2,angle_2,kind,id_1,type_1,color_1,x_1,y_1,x_vel_1,y_vel_1,angle_1,id_2,type_2,color_2,x_2,y_2,x_vel_2,y_vel_2,angle_2,kind,id_1,type_1,color_1,x_1,y_1,x_vel_1,y_vel_1,angle_1,id_2,type_2,color_2,x_2,y_2,x_vel_2,y_vel_2,angle_2,kind,id_1,type_1,color_1,x_1,y_1,x_vel_1,y_vel_1,angle_1,id_2,type_2,color_2,x_2,y_2,x_vel_2,y_vel_2,angle_2,kind,id_1,type_1,color_1,x_1,y_1,x_vel_1,y_vel_1,angle_1,id_2,type_2,color_2,x_2,y_2,x_vel_2,y_vel_2,angle_2,kind,id_1,type_1,color_1,x_1,y_1,x_vel_1,y_vel_1,angle_1,id_2,type_2,color_2,x_2,y_2,x_vel_2,y_vel_2,angle_2,kind,id_1,type_1,color_1,x_1,y_1,x_vel_1,y_vel_1,angle_1,id_2,type_2,color_2,x_2,y_2,x_vel_2,y_vel_2,angle_2,kind,id_1,type_1,color_1,x_1,y_1,x_vel_1,y_vel_1,angle_1,id_2,type_2,color_2,x_2,y_2,x_vel_2,y_vel_2,angle_2,kind,id_1,type_1,color_1,x_1,y_1,x_vel_1,y_vel_1,angle_1,id_2,type_2,color_2,x_2,y_2,x_vel_2,y_vel_2,angle_2,kind,id_1,type_1,color_1,x_1,y_1,x_vel_1,y_vel_1,angle_1,id_2,type_2,color_2,x_2,y_2,x_vel_2,y_vel_2,angle_2,kind,id_1,type_1,color_1,x_1,y_1,x_vel_1,y_vel_1,angle_1,id_2,type_2,color_2,x_2,y_2,x_vel_2,y_vel_2,angle_2,kind,id_1,type_1,color_1,x_1,y_1,x_vel_1,y_vel_1,angle_1,id_2,type_2,color_2,x_2,y_2,x_vel_2,y_vel_2,angle_2,kind,id_1,type_1,color_1,x_1,y_1,x_vel_1,y_vel_1,angle_1,id_2,type_2,color_2,x_2,y_2,x_vel_2,y_vel_2,angle_2,kind,id_1,type_1,color_1,x_1,y_1,x_vel_1,y_vel_1,angle_1,id_2,type_2,color_2,x_2,y_2,x_vel_2,y_vel_2,angle_2,kind,id_1,type_1,color_1,x_1,y_1,x_vel_1,y_vel_1,angle_1,id_2,type_2,color_2,x_2,y_2,x_vel_2,y_vel_2,angle_2,kind,id_1,type_1,color_1,x_1,y_1,x_vel_1,y_vel_1,angle_1,id_2,type_2,color_2,x_2,y_2,x_vel_2,y_vel_2,angle_2,kind,id_1,type_1,color_1,x_1,y_1,x_vel_1,y_vel_1,angle_1,id_2,type_2,color_2,x_2,y_2,x_vel_2,y_vel_2,angle_2,kind,id_1,type_1,color_1,x_1,y_1,x_vel_1,y_vel_1,angle_1,id_2,type_2,color_2,x_2,y_2,x_vel_2,y_vel_2,angle_2,kind,id_1,type_1,color_1,x_1,y_1,x_vel_1,y_vel_1,angle_1,id_2,type_2,color_2,x_2,y_2,x_vel_2,y_vel_2,angle_2,kind,id_1,type_1,color_1,x_1,y_1,x_vel_1,y_vel_1,angle_1,id_2,type_2,color_2,x_2,y_2,x_vel_2,y_vel_2,angle_2,kind,id_1,type_1,color_1,x_1,y_1,x_vel_1,y_vel_1,angle_1,id_2,type_2,color_2,x_2,y_2,x_vel_2,y_vel_2,angle_2,kind,id_1,type_1,color_1,x_1,y_1,x_vel_1,y_vel_1,angle_1,id_2,type_2,color_2,x_2,y_2,x_vel_2,y_vel_2,angle_2,kind,id_1,type_1,color_1,x_1,y_1,x_vel_1,y_vel_1,angle_1,id_2,type_2,color_2,x_2,y_2,x_vel_2,y_vel_2,angle_2,kind,id_1,type_1,color_1,x_1,y_1,x_vel_1,y_vel_1,angle_1,id_2,type_2,color_2,x_2,y_2,x_vel_2,y_vel_2,angle_2,kind,id_1,type_1,color_1,x_1,y_1,x_vel_1,y_vel_1,angle_1,id_2,type_2,color_2,x_2,y_2,x_vel_2,y_vel_2,angle_2,kind,id_1,type_1,color_1,x_1,y_1,x_vel_1,y_vel_1,angle_1,id_2,type_2,color_2,x_2,y_2,x_vel_2,y_vel_2,angle_2,kind,id_1,type_1,color_1,x_1,y_1,x_vel_1,y_vel_1,angle_1,id_2,type_2,color_2,x_2,y_2,x_vel_2,y_vel_2,angle_2,kind,id_1,type_1,color_1,x_1,y_1,x_vel_1,y_vel_1,angle_1,id_2,type_2,color_2,x_2,y_2,x_vel_2,y_vel_2,angle_2,kind,id_1,type_1,color_1,x_1,y_1,x_vel_1,y_vel_1,angle_1,id_2,type_2,color_2,x_2,y_2,x_vel_2,y_vel_2,angle_2,kind,id_1,type_1,color_1,x_1,y_1,x_vel_1,y_vel_1,angle_1,id_2,type_2,color_2,x_2,y_2,x_vel_2,y_vel_2,angle_2,kind,id_1,type_1,color_1,x_1,y_1,x_vel_1,y_vel_1,angle_1,id_2,type_2,color_2,x_2,y_2,x_vel_2,y_vel_2,angle_2,kind,id_1,type_1,color_1,x_1,y_1,x_vel_1,y_vel_1,angle_1,id_2,type_2,color_2,x_2,y_2,x_vel_2,y_vel_2,angle_2,kind,id_1,type_1,color_1,x_1,y_1,x_vel_1,y_vel_1,angle_1,id_2,type_2,color_2,x_2,y_2,x_vel_2,y_vel_2,angle_2,kind,id_1,type_1,color_1,x_1,y_1,x_vel_1,y_vel_1,angle_1,id_2,type_2,color_2,x_2,y_2,x_vel_2,y_vel_2,angle_2,kind,id_1,type_1,color_1,x_1,y_1,x_vel_1,y_vel_1,angle_1,id_2,type_2,color_2,x_2,y_2,x_vel_2,y_vel_2,angle_2,kind,id_1,type_1,color_1,x_1,y_1,x_vel_1,y_vel_1,angle_1,id_2,type_2,color_2,x_2,y_2,x_vel_2,y_vel_2,angle_2,kind,id_1,type_1,color_1,x_1,y_1,x_vel_1,y_vel_1,angle_1,id_2,type_2,color_2,x_2,y_2,x_vel_2,y_vel_2,angle_2,kind,id_1,type_1,color_1,x_1,y_1,x_vel_1,y_vel_1,angle_1,id_2,type_2,color_2,x_2,y_2,x_vel_2,y_vel_2,angle_2,kind,id_1,type_1,color_1,x_1,y_1,x_vel_1,y_vel_1,angle_1,id_2,type_2,color_2,x_2,y_2,x_vel_2,y_vel_2,angle_2,kind,id_1,type_1,color_1,x_1,y_1,x_vel_1,y_vel_1,angle_1,id_2,type_2,color_2,x_2,y_2,x_vel_2,y_vel_2,angle_2,kind,id_1,type_1,color_1,x_1,y_1,x_vel_1,y_vel_1,angle_1,id_2,type_2,color_2,x_2,y_2,x_vel_2,y_vel_2,angle_2,kind,id_1,type_1,color_1,x_1,y_1,x_vel_1,y_vel_1,angle_1,id_2,type_2,color_2,x_2,y_2,x_vel_2,y_vel_2,angle_2,kind,id_1,type_1,color_1,x_1,y_1,x_vel_1,y_vel_1,angle_1,id_2,type_2,color_2,x_2,y_2,x_vel_2,y_vel_2,angle_2,kind,id_1,type_1,color_1,x_1,y_1,x_vel_1,y_vel_1,angle_1,id_2,type_2,color_2,x_2,y_2,x_vel_2,y_vel_2,angle_2,kind,id_1,type_1,color_1,x_1,y_1,x_vel_1,y_vel_1,angle_1,id_2,type_2,color_2,x_2,y_2,x_vel_2,y_vel_2,angle_2,kind,id_1,type_1,color_1,x_1,y_1,x_vel_1,y_vel_1,angle_1,id_2,type_2,color_2,x_2,y_2,x_vel_2,y_vel_2,angle_2,kind,id_1,type_1,color_1,x_1,y_1,x_vel_1,y_vel_1,angle_1,id_2,type_2,color_2,x_2,y_2,x_vel_2,y_vel_2,angle_2,kind,id_1,type_1,color_1,x_1,y_1,x_vel_1,y_vel_1,angle_1,id_2,type_2,color_2,x_2,y_2,x_vel_2,y_vel_2,angle_2,kind,id_1,type_1,color_1,x_1,y_1,x_vel_1,y_vel_1,angle_1,id_2,type_2,color_2,x_2,y_2,x_vel_2,y_vel_2,angle_2,kind,id_1,type_1,color_1,x_1,y_1,x_vel_1,y_vel_1,angle_1,id_2,type_2,color_2,x_2,y_2,x_vel_2,y_vel_2,angle_2,kind,id_1,type_1,color_1,x_1,y_1,x_vel_1,y_vel_1,angle_1,id_2,type_2,color_2,x_2,y_2,x_vel_2,y_vel_2,angle_2,kind,id_1,type_1,color_1,x_1,y_1,x_vel_1,y_vel_1,angle_1,id_2,type_2,color_2,x_2,y_2,x_vel_2,y_vel_2,angle_2,kind,id_1,type_1,color_1,x_1,y_1,x_vel_1,y_vel_1,angle_1,id_2,type_2,color_2,x_2,y_2,x_vel_2,y_vel_2,angle_2,kind,id_1,type_1,color_1,x_1,y_1,x_vel_1,y_vel_1,angle_1,id_2,type_2,color_2,x_2,y_2,x_vel_2,y_vel_2,angle_2,kind,id_1,type_1,color_1,x_1,y_1,x_vel_1,y_vel_1,angle_1,id_2,type_2,color_2,x_2,y_2,x_vel_2,y_vel_2,angle_2,kind,id_1,type_1,color_1,x_1,y_1,x_vel_1,y_vel_1,angle_1,id_2,type_2,color_2,x_2,y_2,x_vel_2,y_vel_2,angle_2,kind,id_1,type_1,color_1,x_1,y_1,x_vel_1,y_vel_1,angle_1,id_2,type_2,color_2,x_2,y_2,x_vel_2,y_vel_2,angle_2,kind,id_1,type_1,color_1,x_1,y_1,x_vel_1,y_vel_1,angle_1,id_2,type_2,color_2,x_2,y_2,x_vel_2,y_vel_2,angle_2,kind,id_1,type_1,color_1,x_1,y_1,x_vel_1,y_vel_1,angle_1,id_2,type_2,color_2,x_2,y_2,x_vel_2,y_vel_2,angle_2,kind,id_1,type_1,color_1,x_1,y_1,x_vel_1,y_vel_1,angle_1,id_2,type_2,color_2,x_2,y_2,x_vel_2,y_vel_2,angle_2,kind,id_1,type_1,color_1,x_1,y_1,x_vel_1,y_vel_1,angle_1,id_2,type_2,color_2,x_2,y_2,x_vel_2,y_vel_2,angle_2,kind,id_1,type_1,color_1,x_1,y_1,x_vel_1,y_vel_1,angle_1,id_2,type_2,color_2,x_2,y_2,x_vel_2,y_vel_2,angle_2,kind,id_1,type_1,color_1,x_1,y_1,x_vel_1,y_vel_1,angle_1,id_2,type_2,color_2,x_2,y_2,x_vel_2,y_vel_2,angle_2,kind,id_1,type_1,color_1,x_1,y_1,x_vel_1,y_vel_1,angle_1,id_2,type_2,color_2,x_2,y_2,x_vel_2,y_vel_2,angle_2,kind,id_1,type_1,color_1,x_1,y_1,x_vel_1,y_vel_1,angle_1,id_2,type_2,color_2,x_2,y_2,x_vel_2,y_vel_2,angle_2,kind,id_1,type_1,color_1,x_1,y_1,x_vel_1,y_vel_1,angle_1,id_2,type_2,color_2,x_2,y_2,x_vel_2,y_vel_2,angle_2,kind,id_1,type_1,color_1,x_1,y_1,x_vel_1,y_vel_1,angle_1,id_2,type_2,color_2,x_2,y_2,x_vel_2,y_vel_2,angle_2,kind,id_1,type_1,color_1,x_1,y_1,x_vel_1,y_vel_1,angle_1,id_2,type_2,color_2,x_2,y_2,x_vel_2,y_vel_2,angle_2,kind,id_1,type_1,color_1,x_1,y_1,x_vel_1,y_vel_1,angle_1,id_2,type_2,color_2,x_2,y_2,x_vel_2,y_vel_2,angle_2,kind,id_1,type_1,color_1,x_1,y_1,x_vel_1,y_vel_1,angle_1,id_2,type_2,color_2,x_2,y_2,x_vel_2,y_vel_2,angle_2,kind,id_1,type_1,color_1,x_1,y_1,x_vel_1,y_vel_1,angle_1,id_2,type_2,color_2,x_2,y_2,x_vel_2,y_vel_2,angle_2,kind,id_1,type_1,color_1,x_1,y_1,x_vel_1,y_vel_1,angle_1,id_2,type_2,color_2,x_2,y_2,x_vel_2,y_vel_2,angle_2,kind,id_1,type_1,color_1,x_1,y_1,x_vel_1,y_vel_1,angle_1,id_2,type_2,color_2,x_2,y_2,x_vel_2,y_vel_2,angle_2,kind,id_1,type_1,color_1,x_1,y_1,x_vel_1,y_vel_1,angle_1,id_2,type_2,color_2,x_2,y_2,x_vel_2,y_vel_2,angle_2,kind,id_1,type_1,color_1,x_1,y_1,x_vel_1,y_vel_1,angle_1,id_2,type_2,color_2,x_2,y_2,x_vel_2,y_vel_2,angle_2,kind,id_1,type_1,color_1,x_1,y_1,x_vel_1,y_vel_1,angle_1,id_2,type_2,color_2,x_2,y_2,x_vel_2,y_vel_2,angle_2,kind,id_1,type_1,color_1,x_1,y_1,x_vel_1,y_vel_1,angle_1,id_2,type_2,color_2,x_2,y_2,x_vel_2,y_vel_2,angle_2,kind,id_1,type_1,color_1,x_1,y_1,x_vel_1,y_vel_1,angle_1,id_2,type_2,color_2,x_2,y_2,x_vel_2,y_vel_2,angle_2,kind,id_1,type_1,color_1,x_1,y_1,x_vel_1,y_vel_1,angle_1,id_2,type_2,color_2,x_2,y_2,x_vel_2,y_vel_2,angle_2,kind,id_1,type_1,color_1,x_1,y_1,x_vel_1,y_vel_1,angle_1,id_2,type_2,color_2,x_2,y_2,x_vel_2,y_vel_2,angle_2,kind,id_1,type_1,color_1,x_1,y_1,x_vel_1,y_vel_1,angle_1,id_2,type_2,color_2,x_2,y_2,x_vel_2,y_vel_2,angle_2,kind,id_1,type_1,color_1,x_1,y_1,x_vel_1,y_vel_1,angle_1,id_2,type_2,color_2,x_2,y_2,x_vel_2,y_vel_2,angle_2,kind,id_1,type_1,color_1,x_1,y_1,x_vel_1,y_vel_1,angle_1,id_2,type_2,color_2,x_2,y_2,x_vel_2,y_vel_2,angle_2,kind,id_1,type_1,color_1,x_1,y_1,x_vel_1,y_vel_1,angle_1,id_2,type_2,color_2,x_2,y_2,x_vel_2,y_vel_2,angle_2,kind,id_1,type_1,color_1,x_1,y_1,x_vel_1,y_vel_1,angle_1,id_2,type_2,color_2,x_2,y_2,x_vel_2,y_vel_2,angle_2,kind,id_1,type_1,color_1,x_1,y_1,x_vel_1,y_vel_1,angle_1,id_2,type_2,color_2,x_2,y_2,x_vel_2,y_vel_2,angle_2,kind,id_1,type_1,color_1,x_1,y_1,x_vel_1,y_vel_1,angle_1,id_2,type_2,color_2,x_2,y_2,x_vel_2,y_vel_2,angle_2,kind,id_1,type_1,color_1,x_1,y_1,x_vel_1,y_vel_1,angle_1,id_2,type_2,color_2,x_2,y_2,x_vel_2,y_vel_2,angle_2,kind,id_1,type_1,color_1,x_1,y_1,x_vel_1,y_vel_1,angle_1,id_2,type_2,color_2,x_2,y_2,x_vel_2,y_vel_2,angle_2,kind,id_1,type_1,color_1,x_1,y_1,x_vel_1,y_vel_1,angle_1,id_2,type_2,color_2,x_2,y_2,x_vel_2,y_vel_2,angle_2,kind,id_1,type_1,color_1,x_1,y_1,x_vel_1,y_vel_1,angle_1,id_2,type_2,color_2,x_2,y_2,x_vel_2,y_vel_2,angle_2,kind,id_1,type_1,color_1,x_1,y_1,x_vel_1,y_vel_1,angle_1,id_2,type_2,color_2,x_2,y_2,x_vel_2,y_vel_2,angle_2,kind,id_1,type_1,color_1,x_1,y_1,x_vel_1,y_vel_1,angle_1,id_2,type_2,color_2,x_2,y_2,x_vel_2,y_vel_2,angle_2,kind,id_1,type_1,color_1,x_1,y_1,x_vel_1,y_vel_1,angle_1,id_2,type_2,color_2,x_2,y_2,x_vel_2,y_vel_2,angle_2,kind,id_1,type_1,color_1,x_1,y_1,x_vel_1,y_vel_1,angle_1,id_2,type_2,color_2,x_2,y_2,x_vel_2,y_vel_2,angle_2,kind,id_1,type_1,color_1,x_1,y_1,x_vel_1,y_vel_1,angle_1,id_2,type_2,color_2,x_2,y_2,x_vel_2,y_vel_2,angle_2,kind,id_1,type_1,color_1,x_1,y_1,x_vel_1,y_vel_1,angle_1,id_2,type_2,color_2,x_2,y_2,x_vel_2,y_vel_2,angle_2,kind,id_1,type_1,color_1,x_1,y_1,x_vel_1,y_vel_1,angle_1,id_2,type_2,color_2,x_2,y_2,x_vel_2,y_vel_2,angle_2,kind,id_1,type_1,color_1,x_1,y_1,x_vel_1,y_vel_1,angle_1,id_2,type_2,color_2,x_2,y_2,x_vel_2,y_vel_2,angle_2,kind,id_1,type_1,color_1,x_1,y_1,x_vel_1,y_vel_1,angle_1,id_2,type_2,color_2,x_2,y_2,x_vel_2,y_vel_2,angle_2,kind,id_1,type_1,color_1,x_1,y_1,x_vel_1,y_vel_1,angle_1,id_2,type_2,color_2,x_2,y_2,x_vel_2,y_vel_2,angle_2,kind,id_1,type_1,color_1,x_1,y_1,x_vel_1,y_vel_1,angle_1,id_2,type_2,color_2,x_2,y_2,x_vel_2,y_vel_2,angle_2,kind,id_1,type_1,color_1,x_1,y_1,x_vel_1,y_vel_1,angle_1,id_2,type_2,color_2,x_2,y_2,x_vel_2,y_vel_2,angle_2,kind,id_1,type_1,color_1,x_1,y_1,x_vel_1,y_vel_1,angle_1,id_2,type_2,color_2,x_2,y_2,x_vel_2,y_vel_2,angle_2,kind,id_1,type_1,color_1,x_1,y_1,x_vel_1,y_vel_1,angle_1,id_2,type_2,color_2,x_2,y_2,x_vel_2,y_vel_2,angle_2,kind,id_1,type_1,color_1,x_1,y_1,x_vel_1,y_vel_1,angle_1,id_2,type_2,color_2,x_2,y_2,x_vel_2,y_vel_2,angle_2,kind,id_1,type_1,color_1,x_1,y_1,x_vel_1,y_vel_1,angle_1,id_2,type_2,color_2,x_2,y_2,x_vel_2,y_vel_2,angle_2,kind,id_1,type_1,color_1,x_1,y_1,x_vel_1,y_vel_1,angle_1,id_2,type_2,color_2,x_2,y_2,x_vel_2,y_vel_2,angle_2,kind,id_1,type_1,color_1,x_1,y_1,x_vel_1,y_vel_1,angle_1,id_2,type_2,color_2,x_2,y_2,x_vel_2,y_vel_2,angle_2,kind,id_1,type_1,color_1,x_1,y_1,x_vel_1,y_vel_1,angle_1,id_2,type_2,color_2,x_2,y_2,x_vel_2,y_vel_2,angle_2,kind,id_1,type_1,color_1,x_1,y_1,x_vel_1,y_vel_1,angle_1,id_2,type_2,color_2,x_2,y_2,x_vel_2,y_vel_2,angle_2,kind,id_1,type_1,color_1,x_1,y_1,x_vel_1,y_vel_1,angle_1,id_2,type_2,color_2,x_2,y_2,x_vel_2,y_vel_2,angle_2,kind,id_1,type_1,color_1,x_1,y_1,x_vel_1,y_vel_1,angle_1,id_2,type_2,color_2,x_2,y_2,x_vel_2,y_vel_2,angle_2,kind,id_1,type_1,color_1,x_1,y_1,x_vel_1,y_vel_1,angle_1,id_2,type_2,color_2,x_2,y_2,x_vel_2,y_vel_2,angle_2,kind,id_1,type_1,color_1,x_1,y_1,x_vel_1,y_vel_1,angle_1,id_2,type_2,color_2,x_2,y_2,x_vel_2,y_vel_2,angle_2,kind,id_1,type_1,color_1,x_1,y_1,x_vel_1,y_vel_1,angle_1,id_2,type_2,color_2,x_2,y_2,x_vel_2,y_vel_2,angle_2,kind,id_1,type_1,color_1,x_1,y_1,x_vel_1,y_vel_1,angle_1,id_2,type_2,color_2,x_2,y_2,x_vel_2,y_vel_2,angle_2,kind,id_1,type_1,color_1,x_1,y_1,x_vel_1,y_vel_1,angle_1,id_2,type_2,color_2,x_2,y_2,x_vel_2,y_vel_2,angle_2,kind,id_1,type_1,color_1,x_1,y_1,x_vel_1,y_vel_1,angle_1,id_2,type_2,color_2,x_2,y_2,x_vel_2,y_vel_2,angle_2,kind,id_1,type_1,color_1,x_1,y_1,x_vel_1,y_vel_1,angle_1,id_2,type_2,color_2,x_2,y_2,x_vel_2,y_vel_2,angle_2,kind,id_1,type_1,color_1,x_1,y_1,x_vel_1,y_vel_1,angle_1,id_2,type_2,color_2,x_2,y_2,x_vel_2,y_vel_2,angle_2,kind,id_1,type_1,color_1,x_1,y_1,x_vel_1,y_vel_1,angle_1,id_2,type_2,color_2,x_2,y_2,x_vel_2,y_vel_2,angle_2,kind,id_1,type_1,color_1,x_1,y_1,x_vel_1,y_vel_1,angle_1,id_2,type_2,color_2,x_2,y_2,x_vel_2,y_vel_2,angle_2,kind,id_1,type_1,color_1,x_1,y_1,x_vel_1,y_vel_1,angle_1,id_2,type_2,color_2,x_2,y_2,x_vel_2,y_vel_2,angle_2,kind,id_1,type_1,color_1,x_1,y_1,x_vel_1,y_vel_1,angle_1,id_2,type_2,color_2,x_2,y_2,x_vel_2,y_vel_2,angle_2,kind,id_1,type_1,color_1,x_1,y_1,x_vel_1,y_vel_1,angle_1,id_2,type_2,color_2,x_2,y_2,x_vel_2,y_vel_2,angle_2,kind,id_1,type_1,color_1,x_1,y_1,x_vel_1,y_vel_1,angle_1,id_2,type_2,color_2,x_2,y_2,x_vel_2,y_vel_2,angle_2,kind,id_1,type_1,color_1,x_1,y_1,x_vel_1,y_vel_1,angle_1,id_2,type_2,color_2,x_2,y_2,x_vel_2,y_vel_2,angle_2,kind,id_1,type_1,color_1,x_1,y_1,x_vel_1,y_vel_1,angle_1,id_2,type_2,color_2,x_2,y_2,x_vel_2,y_vel_2,angle_2,kind,id_1,type_1,color_1,x_1,y_1,x_vel_1,y_vel_1,angle_1,id_2,type_2,color_2,x_2,y_2,x_vel_2,y_vel_2,angle_2,kind,id_1,type_1,color_1,x_1,y_1,x_vel_1,y_vel_1,angle_1,id_2,type_2,color_2,x_2,y_2,x_vel_2,y_vel_2,angle_2,kind,id_1,type_1,color_1,x_1,y_1,x_vel_1,y_vel_1,angle_1,id_2,type_2,color_2,x_2,y_2,x_vel_2,y_vel_2,angle_2,kind,id_1,type_1,color_1,x_1,y_1,x_vel_1,y_vel_1,angle_1,id_2,type_2,color_2,x_2,y_2,x_vel_2,y_vel_2,angle_2,kind,id_1,type_1,color_1,x_1,y_1,x_vel_1,y_vel_1,angle_1,id_2,type_2,color_2,x_2,y_2,x_vel_2,y_vel_2,angle_2,kind,id_1,type_1,color_1,x_1,y_1,x_vel_1,y_vel_1,angle_1,id_2,type_2,color_2,x_2,y_2,x_vel_2,y_vel_2,angle_2,kind,id_1,type_1,color_1,x_1,y_1,x_vel_1,y_vel_1,angle_1,id_2,type_2,color_2,x_2,y_2,x_vel_2,y_vel_2,angle_2,kind,id_1,type_1,color_1,x_1,y_1,x_vel_1,y_vel_1,angle_1,id_2,type_2,color_2,x_2,y_2,x_vel_2,y_vel_2,angle_2,kind,id_1,type_1,color_1,x_1,y_1,x_vel_1,y_vel_1,angle_1,id_2,type_2,color_2,x_2,y_2,x_vel_2,y_vel_2,angle_2,kind,id_1,type_1,color_1,x_1,y_1,x_vel_1,y_vel_1,angle_1,id_2,type_2,color_2,x_2,y_2,x_vel_2,y_vel_2,angle_2,kind,id_1,type_1,color_1,x_1,y_1,x_vel_1,y_vel_1,angle_1,id_2,type_2,color_2,x_2,y_2,x_vel_2,y_vel_2,angle_2,kind,id_1,type_1,color_1,x_1,y_1,x_vel_1,y_vel_1,angle_1,id_2,type_2,color_2,x_2,y_2,x_vel_2,y_vel_2,angle_2,kind,id_1,type_1,color_1,x_1,y_1,x_vel_1,y_vel_1,angle_1,id_2,type_2,color_2,x_2,y_2,x_vel_2,y_vel_2,angle_2,kind,id_1,type_1,color_1,x_1,y_1,x_vel_1,y_vel_1,angle_1,id_2,type_2,color_2,x_2,y_2,x_vel_2,y_vel_2,angle_2,kind,id_1,type_1,color_1,x_1,y_1,x_vel_1,y_vel_1,angle_1,id_2,type_2,color_2,x_2,y_2,x_vel_2,y_vel_2,angle_2,kind,id_1,type_1,color_1,x_1,y_1,x_vel_1,y_vel_1,angle_1,id_2,type_2,color_2,x_2,y_2,x_vel_2,y_vel_2,angle_2,kind,id_1,type_1,color_1,x_1,y_1,x_vel_1,y_vel_1,angle_1,id_2,type_2,color_2,x_2,y_2,x_vel_2,y_vel_2,angle_2,kind,id_1,type_1,color_1,x_1,y_1,x_vel_1,y_vel_1,angle_1,id_2,type_2,color_2,x_2,y_2,x_vel_2,y_vel_2,angle_2,kind,id_1,type_1,color_1,x_1,y_1,x_vel_1,y_vel_1,angle_1,id_2,type_2,color_2,x_2,y_2,x_vel_2,y_vel_2,angle_2,kind,id_1,type_1,color_1,x_1,y_1,x_vel_1,y_vel_1,angle_1,id_2,type_2,color_2,x_2,y_2,x_vel_2,y_vel_2,angle_2,kind,id_1,type_1,color_1,x_1,y_1,x_vel_1,y_vel_1,angle_1,id_2,type_2,color_2,x_2,y_2,x_vel_2,y_vel_2,angle_2,kind,id_1,type_1,color_1,x_1,y_1,x_vel_1,y_vel_1,angle_1,id_2,type_2,color_2,x_2,y_2,x_vel_2,y_vel_2,angle_2,kind,id_1,type_1,color_1,x_1,y_1,x_vel_1,y_vel_1,angle_1,id_2,type_2,color_2,x_2,y_2,x_vel_2,y_vel_2,angle_2,kind,id_1,type_1,color_1,x_1,y_1,x_vel_1,y_vel_1,angle_1,id_2,type_2,color_2,x_2,y_2,x_vel_2,y_vel_2,angle_2,kind,id_1,type_1,color_1,x_1,y_1,x_vel_1,y_vel_1,angle_1,id_2,type_2,color_2,x_2,y_2,x_vel_2,y_vel_2,angle_2,kind,id_1,type_1,color_1,x_1,y_1,x_vel_1,y_vel_1,angle_1,id_2,type_2,color_2,x_2,y_2,x_vel_2,y_vel_2,angle_2,kind,id_1,type_1,color_1,x_1,y_1,x_vel_1,y_vel_1,angle_1,id_2,type_2,color_2,x_2,y_2,x_vel_2,y_vel_2,angle_2,kind,id_1,type_1,color_1,x_1,y_1,x_vel_1,y_vel_1,angle_1,id_2,type_2,color_2,x_2,y_2,x_vel_2,y_vel_2,angle_2,kind,id_1,type_1,color_1,x_1,y_1,x_vel_1,y_vel_1,angle_1,id_2,type_2,color_2,x_2,y_2,x_vel_2,y_vel_2,angle_2,kind,id_1,type_1,color_1,x_1,y_1,x_vel_1,y_vel_1,angle_1,id_2,type_2,color_2,x_2,y_2,x_vel_2,y_vel_2,angle_2,kind,id_1,type_1,color_1,x_1,y_1,x_vel_1,y_vel_1,angle_1,id_2,type_2,color_2,x_2,y_2,x_vel_2,y_vel_2,angle_2,kind,id_1,type_1,color_1,x_1,y_1,x_vel_1,y_vel_1,angle_1,id_2,type_2,color_2,x_2,y_2,x_vel_2,y_vel_2,angle_2,kind,id_1,type_1,color_1,x_1,y_1,x_vel_1,y_vel_1,angle_1,id_2,type_2,color_2,x_2,y_2,x_vel_2,y_vel_2,angle_2,kind,id_1,type_1,color_1,x_1,y_1,x_vel_1,y_vel_1,angle_1,id_2,type_2,color_2,x_2,y_2,x_vel_2,y_vel_2,angle_2,kind,id_1,type_1,color_1,x_1,y_1,x_vel_1,y_vel_1,angle_1,id_2,type_2,color_2,x_2,y_2,x_vel_2,y_vel_2,angle_2,kind,id_1,type_1,color_1,x_1,y_1,x_vel_1,y_vel_1,angle_1,id_2,type_2,color_2,x_2,y_2,x_vel_2,y_vel_2,angle_2,kind,id_1,type_1,color_1,x_1,y_1,x_vel_1,y_vel_1,angle_1,id_2,type_2,color_2,x_2,y_2,x_vel_2,y_vel_2,angle_2,kind,id_1,type_1,color_1,x_1,y_1,x_vel_1,y_vel_1,angle_1,id_2,type_2,color_2,x_2,y_2,x_vel_2,y_vel_2,angle_2,kind,id_1,type_1,color_1,x_1,y_1,x_vel_1,y_vel_1,angle_1,id_2,type_2,color_2,x_2,y_2,x_vel_2,y_vel_2,angle_2,kind,id_1,type_1,color_1,x_1,y_1,x_vel_1,y_vel_1,angle_1,id_2,type_2,color_2,x_2,y_2,x_vel_2,y_vel_2,angle_2,kind,id_1,type_1,color_1,x_1,y_1,x_vel_1,y_vel_1,angle_1,id_2,type_2,color_2,x_2,y_2,x_vel_2,y_vel_2,angle_2,kind,id_1,type_1,color_1,x_1,y_1,x_vel_1,y_vel_1,angle_1,id_2,type_2,color_2,x_2,y_2,x_vel_2,y_vel_2,angle_2,kind,id_1,type_1,color_1,x_1,y_1,x_vel_1,y_vel_1,angle_1,id_2,type_2,color_2,x_2,y_2,x_vel_2,y_vel_2,angle_2,kind,id_1,type_1,color_1,x_1,y_1,x_vel_1,y_vel_1,angle_1,id_2,type_2,color_2,x_2,y_2,x_vel_2,y_vel_2,angle_2,kind,id_1,type_1,color_1,x_1,y_1,x_vel_1,y_vel_1,angle_1,id_2,type_2,color_2,x_2,y_2,x_vel_2,y_vel_2,angle_2,kind,id_1,type_1,color_1,x_1,y_1,x_vel_1,y_vel_1,angle_1,id_2,type_2,color_2,x_2,y_2,x_vel_2,y_vel_2,angle_2,kind,id_1,type_1,color_1,x_1,y_1,x_vel_1,y_vel_1,angle_1,id_2,type_2,color_2,x_2,y_2,x_vel_2,y_vel_2,angle_2,kind,id_1,type_1,color_1,x_1,y_1,x_vel_1,y_vel_1,angle_1,id_2,type_2,color_2,x_2,y_2,x_vel_2,y_vel_2,angle_2,kind,id_1,type_1,color_1,x_1,y_1,x_vel_1,y_vel_1,angle_1,id_2,type_2,color_2,x_2,y_2,x_vel_2,y_vel_2,angle_2,kind,id_1,type_1,color_1,x_1,y_1,x_vel_1,y_vel_1,angle_1,id_2,type_2,color_2,x_2,y_2,x_vel_2,y_vel_2,angle_2,kind,id_1,type_1,color_1,x_1,y_1,x_vel_1,y_vel_1,angle_1,id_2,type_2,color_2,x_2,y_2,x_vel_2,y_vel_2,angle_2,kind,id_1,type_1,color_1,x_1,y_1,x_vel_1,y_vel_1,angle_1,id_2,type_2,color_2,x_2,y_2,x_vel_2,y_vel_2,angle_2,kind,id_1,type_1,color_1,x_1,y_1,x_vel_1,y_vel_1,angle_1,id_2,type_2,color_2,x_2,y_2,x_vel_2,y_vel_2,angle_2,kind,id_1,type_1,color_1,x_1,y_1,x_vel_1,y_vel_1,angle_1,id_2,type_2,color_2,x_2,y_2,x_vel_2,y_vel_2,angle_2,kind,id_1,type_1,color_1,x_1,y_1,x_vel_1,y_vel_1,angle_1,id_2,type_2,color_2,x_2,y_2,x_vel_2,y_vel_2,angle_2,kind,id_1,type_1,color_1,x_1,y_1,x_vel_1,y_vel_1,angle_1,id_2,type_2,color_2,x_2,y_2,x_vel_2,y_vel_2,angle_2,kind,id_1,type_1,color_1,x_1,y_1,x_vel_1,y_vel_1,angle_1,id_2,type_2,color_2,x_2,y_2,x_vel_2,y_vel_2,angle_2,kind,id_1,type_1,color_1,x_1,y_1,x_vel_1,y_vel_1,angle_1,id_2,type_2,color_2,x_2,y_2,x_vel_2,y_vel_2,angle_2,kind,id_1,type_1,color_1,x_1,y_1,x_vel_1,y_vel_1,angle_1,id_2,type_2,color_2,x_2,y_2,x_vel_2,y_vel_2,angle_2,kind,id_1,type_1,color_1,x_1,y_1,x_vel_1,y_vel_1,angle_1,id_2,type_2,color_2,x_2,y_2,x_vel_2,y_vel_2,angle_2,kind,id_1,type_1,color_1,x_1,y_1,x_vel_1,y_vel_1,angle_1,id_2,type_2,color_2,x_2,y_2,x_vel_2,y_vel_2,angle_2,kind,id_1,type_1,color_1,x_1,y_1,x_vel_1,y_vel_1,angle_1,id_2,type_2,color_2,x_2,y_2,x_vel_2,y_vel_2,angle_2,kind,id_1,type_1,color_1,x_1,y_1,x_vel_1,y_vel_1,angle_1,id_2,type_2,color_2,x_2,y_2,x_vel_2,y_vel_2,angle_2,kind,id_1,type_1,color_1,x_1,y_1,x_vel_1,y_vel_1,angle_1,id_2,type_2,color_2,x_2,y_2,x_vel_2,y_vel_2,angle_2,kind,id_1,type_1,color_1,x_1,y_1,x_vel_1,y_vel_1,angle_1,id_2,type_2,color_2,x_2,y_2,x_vel_2,y_vel_2,angle_2,kind,id_1,type_1,color_1,x_1,y_1,x_vel_1,y_vel_1,angle_1,id_2,type_2,color_2,x_2,y_2,x_vel_2,y_vel_2,angle_2,kind,id_1,type_1,color_1,x_1,y_1,x_vel_1,y_vel_1,angle_1,id_2,type_2,color_2,x_2,y_2,x_vel_2,y_vel_2,angle_2,kind,id_1,type_1,color_1,x_1,y_1,x_vel_1,y_vel_1,angle_1,id_2,type_2,color_2,x_2,y_2,x_vel_2,y_vel_2,angle_2,kind,id_1,type_1,color_1,x_1,y_1,x_vel_1,y_vel_1,angle_1,id_2,type_2,color_2,x_2,y_2,x_vel_2,y_vel_2,angle_2,kind,id_1,type_1,color_1,x_1,y_1,x_vel_1,y_vel_1,angle_1,id_2,type_2,color_2,x_2,y_2,x_vel_2,y_vel_2,angle_2,kind,id_1,type_1,color_1,x_1,y_1,x_vel_1,y_vel_1,angle_1,id_2,type_2,color_2,x_2,y_2,x_vel_2,y_vel_2,angle_2,kind,id_1,type_1,color_1,x_1,y_1,x_vel_1,y_vel_1,angle_1,id_2,type_2,color_2,x_2,y_2,x_vel_2,y_vel_2,angle_2,kind,id_1,type_1,color_1,x_1,y_1,x_vel_1,y_vel_1,angle_1,id_2,type_2,color_2,x_2,y_2,x_vel_2,y_vel_2,angle_2,kind,id_1,type_1,color_1,x_1,y_1,x_vel_1,y_vel_1,angle_1,id_2,type_2,color_2,x_2,y_2,x_vel_2,y_vel_2,angle_2,kind,id_1,type_1,color_1,x_1,y_1,x_vel_1,y_vel_1,angle_1,id_2,type_2,color_2,x_2,y_2,x_vel_2,y_vel_2,angle_2,kind,id_1,type_1,color_1,x_1,y_1,x_vel_1,y_vel_1,angle_1,id_2,type_2,color_2,x_2,y_2,x_vel_2,y_vel_2,angle_2,kind,id_1,type_1,color_1,x_1,y_1,x_vel_1,y_vel_1,angle_1,id_2,type_2,color_2,x_2,y_2,x_vel_2,y_vel_2,angle_2,kind,id_1,type_1,color_1,x_1,y_1,x_vel_1,y_vel_1,angle_1,id_2,type_2,color_2,x_2,y_2,x_vel_2,y_vel_2,angle_2,kind,id_1,type_1,color_1,x_1,y_1,x_vel_1,y_vel_1,angle_1,id_2,type_2,color_2,x_2,y_2,x_vel_2,y_vel_2,angle_2,kind,id_1,type_1,color_1,x_1,y_1,x_vel_1,y_vel_1,angle_1,id_2,type_2,color_2,x_2,y_2,x_vel_2,y_vel_2,angle_2,kind,id_1,type_1,color_1,x_1,y_1,x_vel_1,y_vel_1,angle_1,id_2,type_2,color_2,x_2,y_2,x_vel_2,y_vel_2,angle_2,kind,id_1,type_1,color_1,x_1,y_1,x_vel_1,y_vel_1,angle_1,id_2,type_2,color_2,x_2,y_2,x_vel_2,y_vel_2,angle_2,kind,id_1,type_1,color_1,x_1,y_1,x_vel_1,y_vel_1,angle_1,id_2,type_2,color_2,x_2,y_2,x_vel_2,y_vel_2,angle_2,kind,id_1,type_1,color_1,x_1,y_1,x_vel_1,y_vel_1,angle_1,id_2,type_2,color_2,x_2,y_2,x_vel_2,y_vel_2,angle_2,kind,id_1,type_1,color_1,x_1,y_1,x_vel_1,y_vel_1,angle_1,id_2,type_2,color_2,x_2,y_2,x_vel_2,y_vel_2,angle_2,kind,id_1,type_1,color_1,x_1,y_1,x_vel_1,y_vel_1,angle_1,id_2,type_2,color_2,x_2,y_2,x_vel_2,y_vel_2,angle_2,kind,id_1,type_1,color_1,x_1,y_1,x_vel_1,y_vel_1,angle_1,id_2,type_2,color_2,x_2,y_2,x_vel_2,y_vel_2,angle_2,kind,id_1,type_1,color_1,x_1,y_1,x_vel_1,y_vel_1,angle_1,id_2,type_2,color_2,x_2,y_2,x_vel_2,y_vel_2,angle_2,kind,id_1,type_1,color_1,x_1,y_1,x_vel_1,y_vel_1,angle_1,id_2,type_2,color_2,x_2,y_2,x_vel_2,y_vel_2,angle_2,kind,id_1,type_1,color_1,x_1,y_1,x_vel_1,y_vel_1,angle_1,id_2,type_2,color_2,x_2,y_2,x_vel_2,y_vel_2,angle_2,kind,id_1,type_1,color_1,x_1,y_1,x_vel_1,y_vel_1,angle_1,id_2,type_2,color_2,x_2,y_2,x_vel_2,y_vel_2,angle_2,kind,id_1,type_1,color_1,x_1,y_1,x_vel_1,y_vel_1,angle_1,id_2,type_2,color_2,x_2,y_2,x_vel_2,y_vel_2,angle_2,kind,id_1,type_1,color_1,x_1,y_1,x_vel_1,y_vel_1,angle_1,id_2,type_2,color_2,x_2,y_2,x_vel_2,y_vel_2,angle_2,kind,id_1,type_1,color_1,x_1,y_1,x_vel_1,y_vel_1,angle_1,id_2,type_2,color_2,x_2,y_2,x_vel_2,y_vel_2,angle_2,kind,id_1,type_1,color_1,x_1,y_1,x_vel_1,y_vel_1,angle_1,id_2,type_2,color_2,x_2,y_2,x_vel_2,y_vel_2,angle_2,kind,id_1,type_1,color_1,x_1,y_1,x_vel_1,y_vel_1,angle_1,id_2,type_2,color_2,x_2,y_2,x_vel_2,y_vel_2,angle_2,kind,id_1,type_1,color_1,x_1,y_1,x_vel_1,y_vel_1,angle_1,id_2,type_2,color_2,x_2,y_2,x_vel_2,y_vel_2,angle_2,kind,id_1,type_1,color_1,x_1,y_1,x_vel_1,y_vel_1,angle_1,id_2,type_2,color_2,x_2,y_2,x_vel_2,y_vel_2,angle_2,kind,id_1,type_1,color_1,x_1,y_1,x_vel_1,y_vel_1,angle_1,id_2,type_2,color_2,x_2,y_2,x_vel_2,y_vel_2,angle_2,kind,id_1,type_1,color_1,x_1,y_1,x_vel_1,y_vel_1,angle_1,id_2,type_2,color_2,x_2,y_2,x_vel_2,y_vel_2,angle_2,kind,id_1,type_1,color_1,x_1,y_1,x_vel_1,y_vel_1,angle_1,id_2,type_2,color_2,x_2,y_2,x_vel_2,y_vel_2,angle_2,kind,id_1,type_1,color_1,x_1,y_1,x_vel_1,y_vel_1,angle_1,id_2,type_2,color_2,x_2,y_2,x_vel_2,y_vel_2,angle_2,kind,id_1,type_1,color_1,x_1,y_1,x_vel_1,y_vel_1,angle_1,id_2,type_2,color_2,x_2,y_2,x_vel_2,y_vel_2,angle_2,kind,id_1,type_1,color_1,x_1,y_1,x_vel_1,y_vel_1,angle_1,id_2,type_2,color_2,x_2,y_2,x_vel_2,y_vel_2,angle_2,kind,id_1,type_1,color_1,x_1,y_1,x_vel_1,y_vel_1,angle_1,id_2,type_2,color_2,x_2,y_2,x_vel_2,y_vel_2,angle_2,kind,id_1,type_1,color_1,x_1,y_1,x_vel_1,y_vel_1,angle_1,id_2,type_2,color_2,x_2,y_2,x_vel_2,y_vel_2,angle_2,kind,id_1,type_1,color_1,x_1,y_1,x_vel_1,y_vel_1,angle_1,id_2,type_2,color_2,x_2,y_2,x_vel_2,y_vel_2,angle_2,kind,id_1,type_1,color_1,x_1,y_1,x_vel_1,y_vel_1,angle_1,id_2,type_2,color_2,x_2,y_2,x_vel_2,y_vel_2,angle_2,kind,id_1,type_1,color_1,x_1,y_1,x_vel_1,y_vel_1,angle_1,id_2,type_2,color_2,x_2,y_2,x_vel_2,y_vel_2,angle_2,kind,id_1,type_1,color_1,x_1,y_1,x_vel_1,y_vel_1,angle_1,id_2,type_2,color_2,x_2,y_2,x_vel_2,y_vel_2,angle_2,kind,id_1,type_1,color_1,x_1,y_1,x_vel_1,y_vel_1,angle_1,id_2,type_2,color_2,x_2,y_2,x_vel_2,y_vel_2,angle_2,kind,id_1,type_1,color_1,x_1,y_1,x_vel_1,y_vel_1,angle_1,id_2,type_2,color_2,x_2,y_2,x_vel_2,y_vel_2,angle_2,kind,id_1,type_1,color_1,x_1,y_1,x_vel_1,y_vel_1,angle_1,id_2,type_2,color_2,x_2,y_2,x_vel_2,y_vel_2,angle_2,kind,id_1,type_1,color_1,x_1,y_1,x_vel_1,y_vel_1,angle_1,id_2,type_2,color_2,x_2,y_2,x_vel_2,y_vel_2,angle_2,kind,id_1,type_1,color_1,x_1,y_1,x_vel_1,y_vel_1,angle_1,id_2,type_2,color_2,x_2,y_2,x_vel_2,y_vel_2,angle_2,kind,id_1,type_1,color_1,x_1,y_1,x_vel_1,y_vel_1,angle_1,id_2,type_2,color_2,x_2,y_2,x_vel_2,y_vel_2,angle_2,kind,id_1,type_1,color_1,x_1,y_1,x_vel_1,y_vel_1,angle_1,id_2,type_2,color_2,x_2,y_2,x_vel_2,y_vel_2,angle_2,kind,id_1,type_1,color_1,x_1,y_1,x_vel_1,y_vel_1,angle_1,id_2,type_2,color_2,x_2,y_2,x_vel_2,y_vel_2,angle_2,kind,id_1,type_1,color_1,x_1,y_1,x_vel_1,y_vel_1,angle_1,id_2,type_2,color_2,x_2,y_2,x_vel_2,y_vel_2,angle_2,kind,id_1,type_1,color_1,x_1,y_1,x_vel_1,y_vel_1,angle_1,id_2,type_2,color_2,x_2,y_2,x_vel_2,y_vel_2,angle_2,kind,id_1,type_1,color_1,x_1,y_1,x_vel_1,y_vel_1,angle_1,id_2,type_2,color_2,x_2,y_2,x_vel_2,y_vel_2,angle_2,kind,id_1,type_1,color_1,x_1,y_1,x_vel_1,y_vel_1,angle_1,id_2,type_2,color_2,x_2,y_2,x_vel_2,y_vel_2,angle_2,kind,id_1,type_1,color_1,x_1,y_1,x_vel_1,y_vel_1,angle_1,id_2,type_2,color_2,x_2,y_2,x_vel_2,y_vel_2,angle_2,kind,id_1,type_1,color_1,x_1,y_1,x_vel_1,y_vel_1,angle_1,id_2,type_2,color_2,x_2,y_2,x_vel_2,y_vel_2,angle_2,kind,id_1,type_1,color_1,x_1,y_1,x_vel_1,y_vel_1,angle_1,id_2,type_2,color_2,x_2,y_2,x_vel_2,y_vel_2,angle_2,kind,id_1,type_1,color_1,x_1,y_1,x_vel_1,y_vel_1,angle_1,id_2,type_2,color_2,x_2,y_2,x_vel_2,y_vel_2,angle_2,kind,id_1,type_1,color_1,x_1,y_1,x_vel_1,y_vel_1,angle_1,id_2,type_2,color_2,x_2,y_2,x_vel_2,y_vel_2,angle_2,kind,id_1,type_1,color_1,x_1,y_1,x_vel_1,y_vel_1,angle_1,id_2,type_2,color_2,x_2,y_2,x_vel_2,y_vel_2,angle_2,kind,id_1,type_1,color_1,x_1,y_1,x_vel_1,y_vel_1,angle_1,id_2,type_2,color_2,x_2,y_2,x_vel_2,y_vel_2,angle_2,kind,id_1,type_1,color_1,x_1,y_1,x_vel_1,y_vel_1,angle_1,id_2,type_2,color_2,x_2,y_2,x_vel_2,y_vel_2,angle_2,kind,id_1,type_1,color_1,x_1,y_1,x_vel_1,y_vel_1,angle_1,id_2,type_2,color_2,x_2,y_2,x_vel_2,y_vel_2,angle_2,kind,id_1,type_1,color_1,x_1,y_1,x_vel_1,y_vel_1,angle_1,id_2,type_2,color_2,x_2,y_2,x_vel_2,y_vel_2,angle_2,kind,id_1,type_1,color_1,x_1,y_1,x_vel_1,y_vel_1,angle_1,id_2,type_2,color_2,x_2,y_2,x_vel_2,y_vel_2,angle_2,kind,id_1,type_1,color_1,x_1,y_1,x_vel_1,y_vel_1,angle_1,id_2,type_2,color_2,x_2,y_2,x_vel_2,y_vel_2,angle_2,kind,id_1,type_1,color_1,x_1,y_1,x_vel_1,y_vel_1,angle_1,id_2,type_2,color_2,x_2,y_2,x_vel_2,y_vel_2,angle_2,kind,id_1,type_1,color_1,x_1,y_1,x_vel_1,y_vel_1,angle_1,id_2,type_2,color_2,x_2,y_2,x_vel_2,y_vel_2,angle_2,kind,id_1,type_1,color_1,x_1,y_1,x_vel_1,y_vel_1,angle_1,id_2,type_2,color_2,x_2,y_2,x_vel_2,y_vel_2,angle_2,kind,id_1,type_1,color_1,x_1,y_1,x_vel_1,y_vel_1,angle_1,id_2,type_2,color_2,x_2,y_2,x_vel_2,y_vel_2,angle_2,kind,id_1,type_1,color_1,x_1,y_1,x_vel_1,y_vel_1,angle_1,id_2,type_2,color_2,x_2,y_2,x_vel_2,y_vel_2,angle_2,kind,id_1,type_1,color_1,x_1,y_1,x_vel_1,y_vel_1,angle_1,id_2,type_2,color_2,x_2,y_2,x_vel_2,y_vel_2,angle_2,kind,id_1,type_1,color_1,x_1,y_1,x_vel_1,y_vel_1,angle_1,id_2,type_2,color_2,x_2,y_2,x_vel_2,y_vel_2,angle_2,kind,id_1,type_1,color_1,x_1,y_1,x_vel_1,y_vel_1,angle_1,id_2,type_2,color_2,x_2,y_2,x_vel_2,y_vel_2,angle_2,kind,id_1,type_1,color_1,x_1,y_1,x_vel_1,y_vel_1,angle_1,id_2,type_2,color_2,x_2,y_2,x_vel_2,y_vel_2,angle_2,kind,id_1,type_1,color_1,x_1,y_1,x_vel_1,y_vel_1,angle_1,id_2,type_2,color_2,x_2,y_2,x_vel_2,y_vel_2,angle_2,kind,id_1,type_1,color_1,x_1,y_1,x_vel_1,y_vel_1,angle_1,id_2,type_2,color_2,x_2,y_2,x_vel_2,y_vel_2,angle_2,kind,id_1,type_1,color_1,x_1,y_1,x_vel_1,y_vel_1,angle_1,id_2,type_2,color_2,x_2,y_2,x_vel_2,y_vel_2,angle_2,kind,id_1,type_1,color_1,x_1,y_1,x_vel_1,y_vel_1,angle_1,id_2,type_2,color_2,x_2,y_2,x_vel_2,y_vel_2,angle_2,kind,id_1,type_1,color_1,x_1,y_1,x_vel_1,y_vel_1,angle_1,id_2,type_2,color_2,x_2,y_2,x_vel_2,y_vel_2,angle_2,kind,id_1,type_1,color_1,x_1,y_1,x_vel_1,y_vel_1,angle_1,id_2,type_2,color_2,x_2,y_2,x_vel_2,y_vel_2,angle_2,kind,id_1,type_1,color_1,x_1,y_1,x_vel_1,y_vel_1,angle_1,id_2,type_2,color_2,x_2,y_2,x_vel_2,y_vel_2,angle_2,kind,id_1,type_1,color_1,x_1,y_1,x_vel_1,y_vel_1,angle_1,id_2,type_2,color_2,x_2,y_2,x_vel_2,y_vel_2,angle_2,kind,id_1,type_1,color_1,x_1,y_1,x_vel_1,y_vel_1,angle_1,id_2,type_2,color_2,x_2,y_2,x_vel_2,y_vel_2,angle_2,kind,id_1,type_1,color_1,x_1,y_1,x_vel_1,y_vel_1,angle_1,id_2,type_2,color_2,x_2,y_2,x_vel_2,y_vel_2,angle_2,kind,id_1,type_1,color_1,x_1,y_1,x_vel_1,y_vel_1,angle_1,id_2,type_2,color_2,x_2,y_2,x_vel_2,y_vel_2,angle_2,kind,id_1,type_1,color_1,x_1,y_1,x_vel_1,y_vel_1,angle_1,id_2,type_2,color_2,x_2,y_2,x_vel_2,y_vel_2,angle_2,kind,id_1,type_1,color_1,x_1,y_1,x_vel_1,y_vel_1,angle_1,id_2,type_2,color_2,x_2,y_2,x_vel_2,y_vel_2,angle_2,kind,id_1,type_1,color_1,x_1,y_1,x_vel_1,y_vel_1,angle_1,id_2,type_2,color_2,x_2,y_2,x_vel_2,y_vel_2,angle_2,kind,id_1,type_1,color_1,x_1,y_1,x_vel_1,y_vel_1,angle_1,id_2,type_2,color_2,x_2,y_2,x_vel_2,y_vel_2,angle_2,kind,id_1,type_1,color_1,x_1,y_1,x_vel_1,y_vel_1,angle_1,id_2,type_2,color_2,x_2,y_2,x_vel_2,y_vel_2,angle_2,kind,id_1,type_1,color_1,x_1,y_1,x_vel_1,y_vel_1,angle_1,id_2,type_2,color_2,x_2,y_2,x_vel_2,y_vel_2,angle_2,kind,id_1,type_1,color_1,x_1,y_1,x_vel_1,y_vel_1,angle_1,id_2,type_2,color_2,x_2,y_2,x_vel_2,y_vel_2,angle_2,kind,id_1,type_1,color_1,x_1,y_1,x_vel_1,y_vel_1,angle_1,id_2,type_2,color_2,x_2,y_2,x_vel_2,y_vel_2,angle_2,kind,id_1,type_1,color_1,x_1,y_1,x_vel_1,y_vel_1,angle_1,id_2,type_2,color_2,x_2,y_2,x_vel_2,y_vel_2,angle_2,kind,id_1,type_1,color_1,x_1,y_1,x_vel_1,y_vel_1,angle_1,id_2,type_2,color_2,x_2,y_2,x_vel_2,y_vel_2,angle_2,kind,id_1,type_1,color_1,x_1,y_1,x_vel_1,y_vel_1,angle_1,id_2,type_2,color_2,x_2,y_2,x_vel_2,y_vel_2,angle_2,kind,id_1,type_1,color_1,x_1,y_1,x_vel_1,y_vel_1,angle_1,id_2,type_2,color_2,x_2,y_2,x_vel_2,y_vel_2,angle_2,kind,id_1,type_1,color_1,x_1,y_1,x_vel_1,y_vel_1,angle_1,id_2,type_2,color_2,x_2,y_2,x_vel_2,y_vel_2,angle_2,kind,id_1,type_1,color_1,x_1,y_1,x_vel_1,y_vel_1,angle_1,id_2,type_2,color_2,x_2,y_2,x_vel_2,y_vel_2,angle_2,kind,id_1,type_1,color_1,x_1,y_1,x_vel_1,y_vel_1,angle_1,id_2,type_2,color_2,x_2,y_2,x_vel_2,y_vel_2,angle_2,kind,id_1,type_1,color_1,x_1,y_1,x_vel_1,y_vel_1,angle_1,id_2,type_2,color_2,x_2,y_2,x_vel_2,y_vel_2,angle_2,kind,id_1,type_1,color_1,x_1,y_1,x_vel_1,y_vel_1,angle_1,id_2,type_2,color_2,x_2,y_2,x_vel_2,y_vel_2,angle_2,kind,id_1,type_1,color_1,x_1,y_1,x_vel_1,y_vel_1,angle_1,id_2,type_2,color_2,x_2,y_2,x_vel_2,y_vel_2,angle_2,kind,id_1,type_1,color_1,x_1,y_1,x_vel_1,y_vel_1,angle_1,id_2,type_2,color_2,x_2,y_2,x_vel_2,y_vel_2,angle_2,kind,id_1,type_1,color_1,x_1,y_1,x_vel_1,y_vel_1,angle_1,id_2,type_2,color_2,x_2,y_2,x_vel_2,y_vel_2,angle_2,kind,id_1,type_1,color_1,x_1,y_1,x_vel_1,y_vel_1,angle_1,id_2,type_2,color_2,x_2,y_2,x_vel_2,y_vel_2,angle_2,kind,id_1,type_1,color_1,x_1,y_1,x_vel_1,y_vel_1,angle_1,id_2,type_2,color_2,x_2,y_2,x_vel_2,y_vel_2,angle_2,kind,id_1,type_1,color_1,x_1,y_1,x_vel_1,y_vel_1,angle_1,id_2,type_2,color_2,x_2,y_2,x_vel_2,y_vel_2,angle_2,kind,id_1,type_1,color_1,x_1,y_1,x_vel_1,y_vel_1,angle_1,id_2,type_2,color_2,x_2,y_2,x_vel_2,y_vel_2,angle_2,kind,id_1,type_1,color_1,x_1,y_1,x_vel_1,y_vel_1,angle_1,id_2,type_2,color_2,x_2,y_2,x_vel_2,y_vel_2,angle_2,kind,id_1,type_1,color_1,x_1,y_1,x_vel_1,y_vel_1,angle_1,id_2,type_2,color_2,x_2,y_2,x_vel_2,y_vel_2,angle_2,kind,id_1,type_1,color_1,x_1,y_1,x_vel_1,y_vel_1,angle_1,id_2,type_2,color_2,x_2,y_2,x_vel_2,y_vel_2,angle_2,kind,id_1,type_1,color_1,x_1,y_1,x_vel_1,y_vel_1,angle_1,id_2,type_2,color_2,x_2,y_2,x_vel_2,y_vel_2,angle_2,kind,id_1,type_1,color_1,x_1,y_1,x_vel_1,y_vel_1,angle_1,id_2,type_2,color_2,x_2,y_2,x_vel_2,y_vel_2,angle_2,kind,id_1,type_1,color_1,x_1,y_1,x_vel_1,y_vel_1,angle_1,id_2,type_2,color_2,x_2,y_2,x_vel_2,y_vel_2,angle_2,kind,id_1,type_1,color_1,x_1,y_1,x_vel_1,y_vel_1,angle_1,id_2,type_2,color_2,x_2,y_2,x_vel_2,y_vel_2,angle_2,kind,id_1,type_1,color_1,x_1,y_1,x_vel_1,y_vel_1,angle_1,id_2,type_2,color_2,x_2,y_2,x_vel_2,y_vel_2,angle_2,kind,id_1,type_1,color_1,x_1,y_1,x_vel_1,y_vel_1,angle_1,id_2,type_2,color_2,x_2,y_2,x_vel_2,y_vel_2,angle_2,kind,id_1,type_1,color_1,x_1,y_1,x_vel_1,y_vel_1,angle_1,id_2,type_2,color_2,x_2,y_2,x_vel_2,y_vel_2,angle_2,kind,id_1,type_1,color_1,x_1,y_1,x_vel_1,y_vel_1,angle_1,id_2,type_2,color_2,x_2,y_2,x_vel_2,y_vel_2,angle_2,kind,id_1,type_1,color_1,x_1,y_1,x_vel_1,y_vel_1,angle_1,id_2,type_2,color_2,x_2,y_2,x_vel_2,y_vel_2,angle_2,kind,id_1,type_1,color_1,x_1,y_1,x_vel_1,y_vel_1,angle_1,id_2,type_2,color_2,x_2,y_2,x_vel_2,y_vel_2,angle_2,kind,id_1,type_1,color_1,x_1,y_1,x_vel_1,y_vel_1,angle_1,id_2,type_2,color_2,x_2,y_2,x_vel_2,y_vel_2,angle_2,kind,id_1,type_1,color_1,x_1,y_1,x_vel_1,y_vel_1,angle_1,id_2,type_2,color_2,x_2,y_2,x_vel_2,y_vel_2,angle_2,kind,id_1,type_1,color_1,x_1,y_1,x_vel_1,y_vel_1,angle_1,id_2,type_2,color_2,x_2,y_2,x_vel_2,y_vel_2,angle_2,kind,id_1,type_1,color_1,x_1,y_1,x_vel_1,y_vel_1,angle_1,id_2,type_2,color_2,x_2,y_2,x_vel_2,y_vel_2,angle_2,kind,id_1,type_1,color_1,x_1,y_1,x_vel_1,y_vel_1,angle_1,id_2,type_2,color_2,x_2,y_2,x_vel_2,y_vel_2,angle_2,kind,id_1,type_1,color_1,x_1,y_1,x_vel_1,y_vel_1,angle_1,id_2,type_2,color_2,x_2,y_2,x_vel_2,y_vel_2,angle_2,kind,id_1,type_1,color_1,x_1,y_1,x_vel_1,y_vel_1,angle_1,id_2,type_2,color_2,x_2,y_2,x_vel_2,y_vel_2,angle_2,kind,id_1,type_1,color_1,x_1,y_1,x_vel_1,y_vel_1,angle_1,id_2,type_2,color_2,x_2,y_2,x_vel_2,y_vel_2,angle_2,kind,id_1,type_1,color_1,x_1,y_1,x_vel_1,y_vel_1,angle_1,id_2,type_2,color_2,x_2,y_2,x_vel_2,y_vel_2,angle_2,kind,id_1,type_1,color_1,x_1,y_1,x_vel_1,y_vel_1,angle_1,id_2,type_2,color_2,x_2,y_2,x_vel_2,y_vel_2,angle_2,kind,id_1,type_1,color_1,x_1,y_1,x_vel_1,y_vel_1,angle_1,id_2,type_2,color_2,x_2,y_2,x_vel_2,y_vel_2,angle_2,kind,id_1,type_1,color_1,x_1,y_1,x_vel_1,y_vel_1,angle_1,id_2,type_2,color_2,x_2,y_2,x_vel_2,y_vel_2,angle_2,kind,id_1,type_1,color_1,x_1,y_1,x_vel_1,y_vel_1,angle_1,id_2,type_2,color_2,x_2,y_2,x_vel_2,y_vel_2,angle_2,kind,id_1,type_1,color_1,x_1,y_1,x_vel_1,y_vel_1,angle_1,id_2,type_2,color_2,x_2,y_2,x_vel_2,y_vel_2,angle_2,kind,id_1,type_1,color_1,x_1,y_1,x_vel_1,y_vel_1,angle_1,id_2,type_2,color_2,x_2,y_2,x_vel_2,y_vel_2,angle_2,kind,id_1,type_1,color_1,x_1,y_1,x_vel_1,y_vel_1,angle_1,id_2,type_2,color_2,x_2,y_2,x_vel_2,y_vel_2,angle_2,kind,id_1,type_1,color_1,x_1,y_1,x_vel_1,y_vel_1,angle_1,id_2,type_2,color_2,x_2,y_2,x_vel_2,y_vel_2,angle_2,kind,id_1,type_1,color_1,x_1,y_1,x_vel_1,y_vel_1,angle_1,id_2,type_2,color_2,x_2,y_2,x_vel_2,y_vel_2,angle_2,kind,id_1,type_1,color_1,x_1,y_1,x_vel_1,y_vel_1,angle_1,id_2,type_2,color_2,x_2,y_2,x_vel_2,y_vel_2,angle_2,kind,id_1,type_1,color_1,x_1,y_1,x_vel_1,y_vel_1,angle_1,id_2,type_2,color_2,x_2,y_2,x_vel_2,y_vel_2,angle_2,kind,id_1,type_1,color_1,x_1,y_1,x_vel_1,y_vel_1,angle_1,id_2,type_2,color_2,x_2,y_2,x_vel_2,y_vel_2,angle_2,kind,id_1,type_1,color_1,x_1,y_1,x_vel_1,y_vel_1,angle_1,id_2,type_2,color_2,x_2,y_2,x_vel_2,y_vel_2,angle_2,kind,id_1,type_1,color_1,x_1,y_1,x_vel_1,y_vel_1,angle_1,id_2,type_2,color_2,x_2,y_2,x_vel_2,y_vel_2,angle_2,kind,id_1,type_1,color_1,x_1,y_1,x_vel_1,y_vel_1,angle_1,id_2,type_2,color_2,x_2,y_2,x_vel_2,y_vel_2,angle_2,kind,id_1,type_1,color_1,x_1,y_1,x_vel_1,y_vel_1,angle_1,id_2,type_2,color_2,x_2,y_2,x_vel_2,y_vel_2,angle_2,kind,id_1,type_1,color_1,x_1,y_1,x_vel_1,y_vel_1,angle_1,id_2,type_2,color_2,x_2,y_2,x_vel_2,y_vel_2,angle_2,kind,id_1,type_1,color_1,x_1,y_1,x_vel_1,y_vel_1,angle_1,id_2,type_2,color_2,x_2,y_2,x_vel_2,y_vel_2,angle_2,kind,id_1,type_1,color_1,x_1,y_1,x_vel_1,y_vel_1,angle_1,id_2,type_2,color_2,x_2,y_2,x_vel_2,y_vel_2,angle_2,kind,id_1,type_1,color_1,x_1,y_1,x_vel_1,y_vel_1,angle_1,id_2,type_2,color_2,x_2,y_2,x_vel_2,y_vel_2,angle_2,id_1,type_1,color_1,x_1,y_1,x_vel_1,y_vel_1,angle_1,id_2,type_2,color_2,x_2,y_2,x_vel_2,y_vel_2,angle_2
False,0,False,,,,,,,,,True,begin,0,boundary,Black,21.3333,-0.416667,0,0,0,6,jar,Gray,18.963,3.84642,0,0,0
False,0,False,,,,,,,,,True,begin,0,boundary,Black,21.3333,-0.416667,0,0,0,6,jar,Gray,18.963,3.84642,0,0,0
False,0,False,,,,,,,,,True,begin,0,boundary,Black,21.3333,-0.416667,0,0,0,6,jar,Gray,18.963,3.84642,0,0,0
False,0,True,10,User Circle,Red,20.8333,21.8306,0,-0.163333,0,False
False,0,True,9,circle,Green,17.25,15.8895,0,-0.163333,0,False
False,0,True,8,circle,Blue,18.963,3.74728,0,-0.163333,0,False
False,0,True,6,jar,Gray,18.963,3.86145,-1.43453e-07,5.38956e-08,2.15311e-05,False
False,24,False,,,,,,,,,True,begin,7,bar,Black,21.3333,13.7156,0,0,0,9,circle,Green,17.25,15.0539,0,-4.08333,0
False,24,True,10,User Circle,Red,20.8333,20.9486,0,-4.08333,0,False
False,24,True,9,circle,Green,17.25,15.073,0,0.816667,0,False
False,24,True,8,circle,Blue,18.963,2.86528,0,-4.08333,0,False
False,24,True,6,jar,Gray,18.963,3.86147,-6.95979e-15,1.42109e-14,1.75353e-05,False
False,25,False,,,,,,,,,True,end,7,bar,Black,21.3333,13.7156,0,0,0,9,circle,Green,17.25,15.073,0,0.816667,0
False,25,False,,,,,,,,,True,begin,6,jar,Gray,18.963,3.86147,-6.95979e-15,1.42109e-14,1.75353e-05,8,circle,Blue,18.963,2.86528,0,-4.08333,0
False,25,True,10,User Circle,Red,20.8333,20.8778,0,-4.24667,0,False
False,25,True,9,circle,Green,17.25,15.0839,0,0.653333,0,False
False,25,True,8,circle,Blue,18.963,2.89746,-6.36483e-05,0.816703,4.02358e-07,False
False,25,True,6,jar,Gray,18.963,3.86026,7.11808e-06,3.95649e-07,2.0015e-06,False
False,28,False,,,,,,,,,True,end,6,jar,Gray,18.963,3.86105,1.70173e-09,1.46496e-09,1.22637e-06,8,circle,Blue,18.963,2.91652,-6.36503e-05,0.490036,1.20646e-06
False,28,True,10,User Circle,Red,20.8333,20.6492,0,-4.73667,0,False
False,28,True,9,circle,Green,17.25,15.1002,0,0.163333,0,False
False,28,True,8,circle,Blue,18.963,2.92197,-6.36503e-05,0.326703,1.60841e-06,False
False,28,True,6,jar,Gray,18.963,3.86121,-2.34469e-09,-2.01907e-09,9.31592e-07,False
False,34,False,,,,,,,,,True,begin,6,jar,Gray,18.963,3.8614,2.1038e-09,1.81156e-09,2.06253e-07,8,circle,Blue,18.9629,2.90836,-6.36503e-05,-0.489964,3.61715e-06
False,34,True,10,User Circle,Red,20.8333,20.1183,0,-5.71667,0,False
False,34,True,9,circle,Green,17.25,15.0594,0,-0.816667,0,False
False,34,True,8,circle,Blue,18.9629,2.90836,-6.34362e-05,-4.704e-07,4.02213e-06,False
False,34,True,6,jar,Gray,18.963,3.86141,-4.32292e-06,-5.62022e-09,1.51719e-07,False
False,35,False,,,,,,,,,True,begin,7,bar,Black,21.3333,13.7156,0,0,0,9,circle,Green,17.25,15.0594,0,-0.816667,0
False,35,True,10,User Circle,Red,20.8333,20.0203,0,-5.88,0,False
False,35,True,9,circle,Green,17.25,15.0603,0,3.07119e-08,0,False
False,35,True,8,circle,Blue,18.9629,2.90836,-5.89771e-05,3.60835e-07,4.4983e-06,False
False,35,True,6,jar,Gray,18.963,3.86141,1.03967e-07,-3.89465e-09,1.08852e-07,False
False,39,False,,,,,,,,,True,begin,9,circle,Green,17.25,15.0621,0,-3.61159e-09,0,10,User Circle,Red,20.8333,19.71,0,-6.37,0
False,39,True,10,User Circle,Red,20.8487,19.6407,0.751783,-4.37611,-0.00478863,False
False,39,True,9,circle,Green,17.1743,15.0637,-0.914529,0,0.0166901,False
False,39,True,8,circle,Blue,18.9629,2.90836,-5.91271e-05,-2.58412e-09,6.3923e-06,False
False,39,True,6,jar,Gray,18.963,3.86142,-6.5232e-10,1.39625e-09,3.02792e-08,False
False,42,False,,,,,,,,,True,end,9,circle,Green,17.1108,15.058,-0.534226,-2.02656e-06,0.0397506,10,User Circle,Red,20.9138,19.5995,2.20285,-0.548496,-0.0302236
False,42,True,10,User Circle,Red,20.9506,19.5876,2.20285,-0.711829,-0.0449167,False
False,42,True,9,circle,Green,17.1019,15.0592,-0.534339,0,0.0495239,False
False,42,True,8,circle,Blue,18.9629,2.90836,-5.91172e-05,3.2707e-17,7.81252e-06,False
False,42,True,6,jar,Gray,18.963,3.86142,-1.26912e-09,4.57572e-10,1.27566e-08,False
False,56,False,,,,,,,,,True,begin,7,bar,Black,21.3333,13.7156,0,0,0,10,User Circle,Red,21.4634,19.1372,2.20285,-2.9985,-0.249913
False,56,True,10,User Circle,Red,21.4649,19.1474,2.9342,0.599699,-0.250213,False
False,56,True,9,circle,Green,16.9772,15.0637,-0.534475,0,0.18608,False
False,56,True,8,circle,Blue,18.9629,2.90836,-5.90711e-05,-7.86097e-19,1.44371e-05,False
False,56,True,6,jar,Gray,18.963,3.86142,-1.09196e-10,9.2691e-10,1.67444e-09,False
False,58,False,,,,,,,,,True,end,7,bar,Black,21.3333,13.7156,0,0,0,10,User Circle,Red,21.5138,19.1546,2.9342,0.436366,-0.259997
False,58,True,10,User Circle,Red,21.5627,19.1592,2.9342,0.273033,-0.26978,False
False,58,True,9,circle,Green,16.9594,15.0638,-0.534424,0,0.205569,False
False,58,True,8,circle,Blue,18.9629,2.90836,-5.90646e-05,2.51858e-19,1.53831e-05,False
False,58,True,6,jar,Gray,18.963,3.86142,-1.21731e-09,-3.26184e-09,1.68681e-09,False
False,63,False,,,,,,,,,True,begin,7,bar,Black,21.3333,13.7156,0,0,0,10,User Circle,Red,21.7584,19.1502,2.9342,-0.380301,-0.308893
False,63,True,10,User Circle,Red,21.8072,19.1502,2.93336,0,-0.318673,False
False,63,True,9,circle,Green,16.9149,15.0638,-0.534286,0,0.254281,False
False,63,True,8,circle,Blue,18.9629,2.90836,0,0,1.77475e-05,False
False,63,True,6,jar,Gray,18.963,3.86142,0,0,1.69524e-09,False
False,218,False,,,,,,,,,True,end,7,bar,Black,21.3333,13.7156,0,0,0,10,User Circle,Red,29.3059,19.1301,2.94191,-0.249586,-1.81882
False,218,True,10,User Circle,Red,29.3549,19.1232,2.94191,-0.412919,-1.82866,False
False,218,True,9,circle,Green,15.5406,15.0639,-0.529694,0,1.75758,False
False,218,True,8,circle,Blue,18.9629,2.90836,0,0,1.77475e-05,False
False,218,True,6,jar,Gray,18.963,3.86142,0,0,1.69524e-09,False
False,219,False,,,,,,,,,True,begin,7,bar,Black,21.3333,13.7156,0,0,0,10,User Circle,Red,29.3549,19.1232,2.94191,-0.412919,-1.82866
False,219,True,10,User Circle,Red,29.4042,19.1181,2.9581,-0.309756,-1.83857,False
False,219,True,9,circle,Green,15.5318,15.0639,-0.529665,0,1.76724,False
False,219,True,8,circle,Blue,18.9629,2.90836,0,0,1.77475e-05,False
False,219,True,6,jar,Gray,18.963,3.86142,0,0,1.69524e-09,False
False,227,False,,,,,,,,,True,end,7,bar,Black,21.3333,13.7156,0,0,0,10,User Circle,Red,29.7541,19.0671,3.03529,-0.535357,-1.90932
False,227,True,10,User Circle,Red,29.8047,19.0555,3.03529,-0.69869,-1.91959,False
False,227,True,9,circle,Green,15.4612,15.0639,-0.529428,0,1.84447,False
False,227,True,8,circle,Blue,18.9629,2.90836,0,0,1.77475e-05,False
False,227,True,6,jar,Gray,18.963,3.86142,0,0,1.69524e-09,False
False,228,False,,,,,,,,,True,begin,7,bar,Black,21.3333,13.7156,0,0,0,10,User Circle,Red,29.8047,19.0555,3.03529,-0.69869,-1.91959
False,228,True,10,User Circle,Red,29.8558,19.0454,3.06411,-0.605802,-1.93,False
False,228,True,9,circle,Green,15.4523,15.0639,-0.529399,0,1.85413,False
False,228,True,8,circle,Blue,18.9629,2.90836,0,0,1.77475e-05,False
False,228,True,6,jar,Gray,18.963,3.86142,0,0,1.69524e-09,False
False,234,False,,,,,,,,,True,end,7,bar,Black,21.3333,13.7156,0,0,0,10,User Circle,Red,30.1151,18.9855,3.14524,-0.796155,-1.98324
False,234,True,10,User Circle,Red,30.1675,18.9696,3.14524,-0.959488,-1.99405,False
False,234,True,9,circle,Green,15.3994,15.0639,-0.529222,0,1.91202,False
False,234,True,8,circle,Blue,18.9629,2.90836,0,0,1.77475e-05,False
False,234,True,6,jar,Gray,18.963,3.86142,0,0,1.69524e-09,False
False,235,False,,,,,,,,,True,begin,7,bar,Black,21.3333,13.7156,0,0,0,10,User Circle,Red,30.1675,18.9696,3.14524,-0.959488,-1.99405
False,235,True,10,User Circle,Red,30.2206,18.9549,3.18212,-0.879485,-2.00506,False
False,235,True,9,circle,Green,15.3906,15.0639,-0.529192,0,1.92167,False
False,235,True,8,circle,Blue,18.9629,2.90836,0,0,1.77475e-05,False
False,235,True,6,jar,Gray,18.963,3.86142,0,0,1.69524e-09,False
False,241,False,,,,,,,,,True,end,7,bar,Black,21.3333,13.7156,0,0,0,10,User Circle,Red,30.4906,18.8704,3.28047,-1.10757,-2.06166
False,241,True,10,User Circle,Red,30.5453,18.8492,3.28047,-1.2709,-2.07319,False
False,241,True,9,circle,Green,15.3377,15.0639,-0.529015,0,1.97955,False
False,241,True,8,circle,Blue,18.9629,2.90836,0,0,1.77475e-05,False
False,241,True,6,jar,Gray,18.963,3.86142,0,0,1.69524e-09,False
False,242,False,,,,,,,,,True,begin,7,bar,Black,21.3333,13.7156,0,0,0,10,User Circle,Red,30.5453,18.8492,3.28047,-1.2709,-2.07319
False,242,True,10,User Circle,Red,30.6006,18.8291,3.32274,-1.20848,-2.08498,False
False,242,True,9,circle,Green,15.3289,15.0639,-0.528986,0,1.98919,False
False,242,True,8,circle,Blue,18.9629,2.90836,0,0,1.77475e-05,False
False,242,True,6,jar,Gray,18.963,3.86142,0,0,1.69524e-09,False
False,246,False,,,,,,,,,True,end,7,bar,Black,21.3333,13.7156,0,0,0,10,User Circle,Red,30.7689,18.7633,3.38682,-1.37045,-2.12112
False,246,True,10,User Circle,Red,30.8254,18.7378,3.38682,-1.53379,-2.1333,False
False,246,True,9,circle,Green,15.2936,15.0639,-0.528868,0,2.02777,False
False,246,True,8,circle,Blue,18.9629,2.90836,0,0,1.77475e-05,False
False,246,True,6,jar,Gray,18.963,3.86142,0,0,1.69524e-09,False
False,247,False,,,,,,,,,True,begin,7,bar,Black,21.3333,13.7156,0,0,0,10,User Circle,Red,30.8254,18.7378,3.38682,-1.53379,-2.1333
False,247,True,10,User Circle,Red,30.8825,18.713,3.43051,-1.48703,-2.14576,False
False,247,True,9,circle,Green,15.2848,15.0639,-0.528838,0,2.03741,False
False,247,True,8,circle,Blue,18.9629,2.90836,0,0,1.77475e-05,False
False,247,True,6,jar,Gray,18.963,3.86142,0,0,1.69524e-09,False
False,251,False,,,,,,,,,True,end,7,bar,Black,21.3333,13.7156,0,0,0,10,User Circle,Red,31.0562,18.6324,3.49484,-1.67438,-2.18405
False,251,True,10,User Circle,Red,31.1145,18.6018,3.49484,-1.83771,-2.19697,False
False,251,True,9,circle,Green,15.2495,15.0639,-0.52872,0,2.07597,False
False,251,True,8,circle,Blue,18.9629,2.90836,0,0,1.77475e-05,False
False,251,True,6,jar,Gray,18.963,3.86142,0,0,1.69524e-09,False
False,252,False,,,,,,,,,True,begin,7,bar,Black,21.3333,13.7156,0,0,0,10,User Circle,Red,31.1145,18.6018,3.49484,-1.83771,-2.19697
False,252,True,10,User Circle,Red,31.1734,18.5716,3.53712,-1.80928,-2.21021,False
False,252,True,9,circle,Green,15.2407,15.0639,-0.528691,0,2.08561,False
False,252,True,8,circle,Blue,18.9629,2.90836,0,0,1.77475e-05,False
False,252,True,6,jar,Gray,18.963,3.86142,0,0,1.69524e-09,False
False,254,False,,,,,,,,,True,end,7,bar,Black,21.3333,13.7156,0,0,0,10,User Circle,Red,31.2327,18.5403,3.55752,-1.87945,-2.22362
False,254,True,10,User Circle,Red,31.292,18.5063,3.55752,-2.04278,-2.23703,False
False,254,True,9,circle,Green,15.2231,15.0639,-0.528632,0,2.10488,False
False,254,True,8,circle,Blue,18.9629,2.90836,0,0,1.77475e-05,False
False,254,True,6,jar,Gray,18.963,3.86142,0,0,1.69524e-09,False
False,255,False,,,,,,,,,True,begin,7,bar,Black,21.3333,13.7156,0,0,0,10,User Circle,Red,31.292,18.5063,3.55752,-2.04278,-2.23703
False,255,True,10,User Circle,Red,31.3519,18.4725,3.59724,-2.02665,-2.2508,False
False,255,True,9,circle,Green,15.2143,15.0639,-0.528602,0,2.11452,False
False,255,True,8,circle,Blue,18.9629,2.90836,0,0,1.77475e-05,False
False,255,True,6,jar,Gray,18.963,3.86142,0,0,1.69524e-09,False
False,258,False,,,,,,,,,True,end,7,bar,Black,21.3333,13.7156,0,0,0,10,User Circle,Red,31.4728,18.4011,3.63408,-2.18192,-2.27887
False,258,True,10,User Circle,Red,31.5333,18.362,3.63408,-2.34526,-2.293,False
False,258,True,9,circle,Green,15.1879,15.0639,-0.528514,0,2.14343,False
False,258,True,8,circle,Blue,18.9629,2.90836,0,0,1.77475e-05,False
False,258,True,6,jar,Gray,18.963,3.86142,0,0,1.69524e-09,False
False,259,False,,,,,,,,,True,begin,7,bar,Black,21.3333,13.7156,0,0,0,10,User Circle,Red,31.5333,18.362,3.63408,-2.34526,-2.293
False,259,True,10,User Circle,Red,31.5945,18.3229,3.66792,-2.34692,-2.30751,False
False,259,True,9,circle,Green,15.1791,15.0639,-0.528485,0,2.15306,False
False,259,True,8,circle,Blue,18.9629,2.90836,0,0,1.77475e-05,False
False,259,True,6,jar,Gray,18.963,3.86142,0,0,1.69524e-09,False
False,260,False,,,,,,,,,True,end,7,bar,Black,21.3333,13.7156,0,0,0,10,User Circle,Red,31.5945,18.3229,3.66792,-2.34692,-2.30751
False,260,True,10,User Circle,Red,31.6556,18.281,3.66792,-2.51025,-2.32203,False
False,260,True,9,circle,Green,15.1703,15.0639,-0.528455,0,2.1627,False
False,260,True,8,circle,Blue,18.9629,2.90836,0,0,1.77475e-05,False
False,260,True,6,jar,Gray,18.963,3.86142,0,0,1.69524e-09,False
False,261,False,,,,,,,,,True,begin,7,bar,Black,21.3333,13.7156,0,0,0,10,User Circle,Red,31.6556,18.281,3.66792,-2.51025,-2.32203
False,261,True,10,User Circle,Red,31.7172,18.239,3.69758,-2.5214,-2.33695,False
False,261,True,9,circle,Green,15.1614,15.0639,-0.528426,0,2.17233,False
False,261,True,8,circle,Blue,18.9629,2.90836,0,0,1.77475e-05,False
False,261,True,6,jar,Gray,18.963,3.86142,0,0,1.69524e-09,False
False,262,False,,,,,,,,,True,end,7,bar,Black,21.3333,13.7156,0,0,0,10,User Circle,Red,31.7172,18.239,3.69758,-2.5214,-2.33695
False,262,True,10,User Circle,Red,31.7789,18.1943,3.69758,-2.68473,-2.35186,False
False,262,True,9,circle,Green,15.1526,15.0639,-0.528396,0,2.18197,False
False,262,True,8,circle,Blue,18.9629,2.90836,0,0,1.77475e-05,False
False,262,True,6,jar,Gray,18.963,3.86142,0,0,1.69524e-09,False
False,263,False,,,,,,,,,True,begin,7,bar,Black,21.3333,13.7156,0,0,0,10,User Circle,Red,31.7789,18.1943,3.69758,-2.68473,-2.35186
False,263,True,10,User Circle,Red,31.8409,18.1492,3.72213,-2.70571,-2.3672,False
False,263,True,9,circle,Green,15.1438,15.0639,-0.528367,0,2.1916,False
False,263,True,8,circle,Blue,18.9629,2.90836,0,0,1.77475e-05,False
False,263,True,6,jar,Gray,18.963,3.86142,0,0,1.69524e-09,False
False,264,False,,,,,,,,,True,end,7,bar,Black,21.3333,13.7156,0,0,0,10,User Circle,Red,31.8409,18.1492,3.72213,-2.70571,-2.3672
False,264,True,10,User Circle,Red,31.9029,18.1014,3.72213,-2.86904,-2.38254,False
False,264,True,9,circle,Green,15.135,15.0639,-0.528337,0,2.20123,False
False,264,True,8,circle,Blue,18.9629,2.90836,0,0,1.77475e-05,False
False,264,True,6,jar,Gray,18.963,3.86142,0,0,1.69524e-09,False
False,265,False,,,,,,,,,True,begin,7,bar,Black,21.3333,13.7156,0,0,0,10,User Circle,Red,31.9029,18.1014,3.72213,-2.86904,-2.38254
False,265,True,10,User Circle,Red,31.9654,18.0529,3.74733,-2.90538,-2.39826,False
False,265,True,9,circle,Green,15.1262,15.0639,-0.528308,0,2.21086,False
False,265,True,8,circle,Blue,18.9629,2.90836,0,0,1.77475e-05,False
False,265,True,6,jar,Gray,18.963,3.86142,0,0,1.69524e-09,False
False,266,False,,,,,,,,,True,end,7,bar,Black,21.3333,13.7156,0,0,0,10,User Circle,Red,31.9654,18.0529,3.74733,-2.90538,-2.39826
False,266,True,10,User Circle,Red,32.0278,18.0018,3.74733,-3.06871,-2.41398,False
False,266,True,9,circle,Green,15.1174,15.0639,-0.528278,0,2.22049,False
False,266,True,8,circle,Blue,18.9629,2.90836,0,0,1.77475e-05,False
False,266,True,6,jar,Gray,18.963,3.86142,0,0,1.69524e-09,False
False,268,False,,,,,,,,,True,begin,7,bar,Black,21.3333,13.7156,0,0,0,10,User Circle,Red,32.0903,17.9479,3.74733,-3.23205,-2.42969
False,268,True,10,User Circle,Red,32.1534,17.8939,3.78602,-3.24012,-2.44588,False
False,268,True,9,circle,Green,15.0998,15.0639,-0.52822,0,2.23976,False
False,268,True,8,circle,Blue,18.9629,2.90836,0,0,1.77475e-05,False
False,268,True,6,jar,Gray,18.963,3.86142,0,0,1.69524e-09,False
False,270,False,,,,,,,,,True,end,7,bar,Black,21.3333,13.7156,0,0,0,10,User Circle,Red,32.2167,17.8379,3.79746,-3.36057,-2.4622
False,270,True,10,User Circle,Red,32.28,17.7792,3.79746,-3.5239,-2.47852,False
False,270,True,9,circle,Green,15.0822,15.0639,-0.528161,0,2.25901,False
False,270,True,8,circle,Blue,18.9629,2.90836,0,0,1.77475e-05,False
False,270,True,6,jar,Gray,18.963,3.86142,0,0,1.69524e-09,False
False,273,False,,,,,,,,,True,begin,7,bar,Black,21.3333,13.7156,0,0,0,10,User Circle,Red,32.4066,17.6535,3.79746,-3.85057,-2.51114
False,273,True,10,User Circle,Red,32.4705,17.5885,3.83548,-3.90309,-2.5278,False
False,273,True,9,circle,Green,15.0558,15.0639,-0.528072,0,2.2879,False
False,273,True,8,circle,Blue,18.9629,2.90836,0,0,1.77475e-05,False
False,273,True,6,jar,Gray,18.963,3.86142,0,0,1.69524e-09,False
False,274,False,,,,,,,,,True,end,7,bar,Black,21.3333,13.7156,0,0,0,10,User Circle,Red,32.4705,17.5885,3.83548,-3.90309,-2.5278
False,274,True,10,User Circle,Red,32.5344,17.5207,3.83548,-4.06642,-2.54446,False
False,274,True,9,circle,Green,15.047,15.0639,-0.528043,0,2.29753,False
False,274,True,8,circle,Blue,18.9629,2.90836,0,0,1.77475e-05,False
False,274,True,6,jar,Gray,18.963,3.86142,0,0,1.69524e-09,False
False,327,False,,,,,,,,,True,begin,5,bar,Black,41.4871,8.30095,0,0,0.850848,10,User Circle,Red,35.8898,10.1412,3.83548,-12.7231,-3.4148
False,327,True,10,User Circle,Red,35.8513,10.1406,-3.69833,-0.797817,-3.40964,False
False,327,True,9,circle,Green,14.5813,15.0639,-0.526484,0,2.80699,False
False,327,True,8,circle,Blue,18.9629,2.90836,0,0,1.77475e-05,False
False,327,True,6,jar,Gray,18.963,3.86142,0,0,1.69524e-09,False
False,328,False,,,,,,,,,True,end,5,bar,Black,41.4871,8.30095,0,0,0.850848,10,User Circle,Red,35.8513,10.1406,-3.69833,-0.797817,-3.40964
False,328,True,10,User Circle,Red,35.7897,10.1246,-3.69833,-0.961151,-3.39951,False
False,328,True,9,circle,Green,14.5725,15.0639,-0.526455,0,2.81659,False
False,328,True,8,circle,Blue,18.9629,2.90836,0,0,1.77475e-05,False
False,328,True,6,jar,Gray,18.963,3.86142,0,0,1.69524e-09,False
False,369,False,,,,,,,,,True,begin,5,bar,Black,41.4871,8.30095,0,0,0.850848,10,User Circle,Red,33.2856,7.17171,-3.69833,-7.65782,-2.98932
False,369,True,10,User Circle,Red,33.248,7.14801,-4.8476,-4.8395,-2.98216,False
False,369,True,9,circle,Green,14.2132,15.0639,-0.525253,0,3.20965,False
False,369,True,8,circle,Blue,18.9629,2.90836,0,0,1.77475e-05,False
False,369,True,6,jar,Gray,18.963,3.86142,0,0,1.69524e-09,False
False,371,False,,,,,,,,,True,end,5,bar,Black,41.4871,8.30095,0,0,0.850848,10,User Circle,Red,33.1672,7.06463,-4.8476,-5.00283,-2.96303
False,371,True,10,User Circle,Red,33.0864,6.97853,-4.8476,-5.16616,-2.94391,False
False,371,True,9,circle,Green,14.1957,15.0639,-0.525194,0,3.2288,False
False,371,True,8,circle,Blue,18.9629,2.90836,0,0,1.77475e-05,False
False,371,True,6,jar,Gray,18.963,3.86142,0,0,1.69524e-09,False
False,378,False,,,,,,,,,True,begin,5,bar,Black,41.4871,8.30095,0,0,0.850848,10,User Circle,Red,32.6016,6.40475,-4.8476,-6.14616,-2.82922
False,378,True,10,User Circle,Red,32.517,6.30867,-5.06524,-5.7758,-2.8084,False
False,378,True,9,circle,Green,14.1344,15.0639,-0.52499,0,3.29581,False
False,378,True,8,circle,Blue,18.9629,2.90836,0,0,1.77475e-05,False
False,378,True,6,jar,Gray,18.963,3.86142,0,0,1.69524e-09,False
False,391,False,,,,,,,,,True,begin,0,boundary,Black,21.3333,-0.416667,0,0,0,10,User Circle,Red,31.3635,4.995,-5.65628,-6.44975,-2.50912
False,391,True,10,User Circle,Red,31.3482,5.00798,-6.31354,1.28995,-2.50605,False
False,391,True,9,circle,Green,14.0207,15.0639,-0.524609,0,3.42019,False
False,391,True,8,circle,Blue,18.9629,2.90836,0,0,1.77475e-05,False
False,391,True,6,jar,Gray,18.963,3.86142,0,0,1.69524e-09,False
False,392,False,,,,,,,,,True,end,5,bar,Black,41.4871,8.30095,0,0,0.850848,10,User Circle,Red,31.3482,5.00798,-6.31354,1.28995,-2.50605
False,392,True,10,User Circle,Red,31.2429,5.02675,-6.31354,1.12662,-2.485,False
False,392,True,9,circle,Green,14.012,15.0639,-0.52458,0,3.42975,False
False,392,True,8,circle,Blue,18.9629,2.90836,0,0,1.77475e-05,False
False,392,True,6,jar,Gray,18.963,3.86142,0,0,1.69524e-09,False
False,393,False,,,,,,,,,True,end,0,boundary,Black,21.3333,-0.416667,0,0,0,10,User Circle,Red,31.2429,5.02675,-6.31354,1.12662,-2.485
False,393,True,10,User Circle,Red,31.1377,5.04281,-6.31354,0.963283,-2.46395,False
False,393,True,9,circle,Green,14.0032,15.0639,-0.524551,0,3.43932,False
False,393,True,8,circle,Blue,18.9629,2.90836,0,0,1.77475e-05,False
False,393,True,6,jar,Gray,18.963,3.86142,0,0,1.69524e-09,False
False,407,False,,,,,,,,,True,begin,0,boundary,Black,21.3333,-0.416667,0,0,0,10,User Circle,Red,29.7698,5.0038,-6.31354,-1.16005,-2.19063
False,407,True,10,User Circle,Red,29.6646,5.00821,-6.30771,0.264677,-2.16959,False
False,407,True,9,circle,Green,13.8809,15.0639,-0.524141,0,3.57315,False
False,407,True,8,circle,Blue,18.9629,2.90836,0,0,1.77475e-05,False
False,407,True,6,jar,Gray,18.963,3.86142,0,0,1.69524e-09,False
False,427,False,,,,,,,,,True,begin,6,jar,Gray,18.963,3.86142,3.50516e-10,-9.2691e-10,1.68949e-09,10,User Circle,Red,27.6679,5.0099,-6.30234,0,-1.77024
False,427,True,10,User Circle,Red,27.6005,5.01998,-4.32439,0.627789,-1.75555,False
False,427,True,9,circle,Green,13.6977,15.0545,-0.62239,-0.0852992,3.77394,False
False,427,True,8,circle,Blue,18.9615,2.90906,-0.0815608,-7.02694e-05,-0.001286,False
False,427,True,6,jar,Gray,18.852,3.8647,-5.6367,0.000171565,0.00124742,False
False,428,False,,,,,,,,,True,end,0,boundary,Black,21.3333,-0.416667,0,0,0,10,User Circle,Red,27.6005,5.01998,-4.32439,0.627789,-1.75555
False,428,False,,,,,,,,,True,end,0,boundary,Black,21.3333,-0.416667,0,0,0,6,jar,Gray,18.852,3.8647,-5.6367,0.000171565,0.00124742
False,428,True,10,User Circle,Red,27.5284,5.02772,-4.32438,0.464456,-1.74086,False
False,428,True,9,circle,Green,13.6871,15.053,-0.637137,-0.0947011,3.78568,False
False,428,True,8,circle,Blue,18.959,2.90885,-0.151323,-0.0246325,-0.00370119,False
False,428,True,6,jar,Gray,18.7607,3.86429,-5.48138,-0.0305784,0.0010541,False
False,429,False,,,,,,,,,True,end,6,jar,Gray,18.7607,3.86429,-5.48138,-0.0305784,0.0010541,10,User Circle,Red,27.5284,5.02772,-4.32438,0.464456,-1.74086
False,429,True,10,User Circle,Red,27.4563,5.03274,-4.32438,0.301123,-1.72617,False
False,429,True,9,circle,Green,13.6762,15.0512,-0.652951,-0.104833,3.79773,False
False,429,True,8,circle,Blue,18.9554,2.90801,-0.215056,-0.0608358,-0.00713198,False
False,429,True,6,jar,Gray,18.6717,3.8633,-5.33435,-0.0625115,0.000709334,False
False,430,False,,,,,,,,,True,begin,0,boundary,Black,21.3333,-0.416667,0,0,0,6,jar,Gray,18.6717,3.8633,-5.33435,-0.0625115,0.000709334
False,430,True,10,User Circle,Red,27.3842,5.03503,-4.32438,0.137789,-1.71149,False
False,430,True,9,circle,Green,13.6651,15.0493,-0.669839,-0.11577,3.81012,False
False,430,True,8,circle,Blue,18.9499,2.90823,-0.329028,0.00336799,-0.0123804,False
False,430,True,6,jar,Gray,18.5871,3.86333,-5.07595,2.4736e-09,0.000685168,False
False,436,False,,,,,,,,,True,begin,6,jar,Gray,18.2106,3.86332,-4.14628,-1.18651e-09,0.000614199,8,circle,Blue,18.9021,2.90901,-0.737406,0.00212764,-0.0581517
False,436,False,,,,,,,,,True,begin,0,boundary,Black,21.3333,-0.416667,0,0,0,10,User Circle,Red,27.0239,5.00568,-4.32438,-0.678877,-1.63812
False,436,True,10,User Circle,Red,26.9514,5.00568,-4.34907,0,-1.62361,False
False,436,True,9,circle,Green,13.5912,15.033,-0.793734,-0.203235,3.89288,False
False,436,True,8,circle,Blue,18.8427,2.91857,-3.02236,0.529243,-0.061986,False
False,436,True,6,jar,Gray,18.1766,3.86356,-2.3844,2.32627e-09,0.000756097,False
False,437,False,,,,,,,,,True,end,6,jar,Gray,18.1766,3.86356,-2.3844,2.32627e-09,0.000756097,8,circle,Blue,18.8427,2.91857,-3.02236,0.529243,-0.061986
False,437,True,10,User Circle,Red,26.8789,5.00568,-4.34883,0,-1.60911,False
False,437,True,9,circle,Green,13.5775,15.0292,-0.818084,-0.222417,3.90832,False
False,437,True,8,circle,Blue,18.7924,2.92467,-3.02236,0.365909,-0.0658196,False
False,437,True,6,jar,Gray,18.1383,3.86364,-2.30273,2.42371e-10,0.000741695,False
False,438,False,,,,,,,,,True,end,6,jar,Gray,18.1383,3.86364,-2.30273,2.42371e-10,0.000741695,8,circle,Blue,18.7924,2.92467,-3.02236,0.365909,-0.0658196
False,438,False,,,,,,,,,True,begin,6,jar,Gray,18.1383,3.86364,-2.30273,2.42371e-10,0.000741695,10,User Circle,Red,26.8789,5.00568,-4.34883,0,-1.60911
False,438,True,10,User Circle,Red,26.8175,5.00725,-3.70328,0.0954284,-1.59668,False
False,438,True,9,circle,Green,13.5635,15.0252,-0.843445,-0.243235,3.92431,False
False,438,True,8,circle,Blue,18.742,2.92805,-3.02236,0.202576,-0.0696527,False
False,438,True,6,jar,Gray,18.0685,3.86384,-4.12034,2.02046e-05,0.000824238,False
False,439,False,,,,,,,,,True,begin,6,jar,Gray,18.0685,3.86384,-4.12034,2.02046e-05,0.000824238,8,circle,Blue,18.742,2.92805,-3.02236,0.202576,-0.0696527
False,439,False,,,,,,,,,True,end,0,boundary,Black,21.3333,-0.416667,0,0,0,6,jar,Gray,18.0685,3.86384,-4.12034,2.02046e-05,0.000824238
False,439,True,10,User Circle,Red,26.7572,5.00721,-3.64241,-1.4652e-09,-1.58454,False
False,439,True,9,circle,Green,13.549,15.0208,-0.869784,-0.26583,3.94088,False
False,439,True,8,circle,Blue,18.6751,2.9319,-3.86735,0.218475,-0.0717466,False
False,439,True,6,jar,Gray,18.0074,3.86366,-3.66321,-0.032255,0.000831697,False
False,441,False,,,,,,,,,True,begin,0,boundary,Black,21.3333,-0.416667,0,0,0,6,jar,Gray,17.946,3.86271,-3.66506,-0.0692554,0.000541197
False,441,True,10,User Circle,Red,26.6372,5.00718,-3.60223,4.12638e-09,-1.56045,False
False,441,True,9,circle,Green,13.5186,15.0106,-0.925224,-0.316957,3.97587,False
False,441,True,8,circle,Blue,18.5455,2.93107,-3.86735,-0.108191,-0.0759335,False
False,441,True,6,jar,Gray,17.8854,3.86291,-3.60227,-2.42949e-10,0.000578824,False
False,444,False,,,,,,,,,True,end,6,jar,Gray,17.7654,3.86322,-3.56089,1.41399e-09,0.000630661,8,circle,Blue,18.4165,2.9193,-3.86735,-0.434858,-0.080119
False,444,True,10,User Circle,Red,26.4595,5.00715,-3.54022,-5.38441e-10,-1.52483,False
False,444,True,9,circle,Green,13.4694,14.9917,-1.01431,-0.411034,4.03347,False
False,444,True,8,circle,Blue,18.3521,2.90933,-3.86735,-0.598191,-0.0822112,False
False,444,True,6,jar,Gray,17.706,3.86333,-3.54022,-3.69987e-10,0.000649043,False
False,445,False,,,,,,,,,True,begin,6,jar,Gray,17.706,3.86333,-3.54022,-3.69987e-10,0.000649043,8,circle,Blue,18.3521,2.90933,-3.86735,-0.598191,-0.0822112
False,445,True,10,User Circle,Red,26.4014,5.00715,-3.49248,4.06885e-09,-1.51319,False
False,445,True,9,circle,Green,13.452,14.9843,-1.04523,-0.447777,4.05417,False
False,445,True,8,circle,Blue,18.2912,2.90936,-3.65531,-0.000106323,-0.0809069,False
False,445,True,6,jar,Gray,17.6475,3.86341,-3.49247,5.30021e-06,0.000662108,False
False,455,False,,,,,,,,,True,end,7,bar,Black,21.3333,13.7156,0,0,0,9,circle,Green,13.272,14.8799,-1.31674,-0.942706,4.28174
False,455,True,10,User Circle,Red,25.849,5.00712,-3.17182,-5.47271e-09,-1.40262,False
False,455,True,9,circle,Green,13.25,14.8615,-1.31674,-1.10604,4.31118,False
False,455,True,8,circle,Blue,17.6917,2.90971,-3.54884,-0.000259879,-0.0584255,False
False,455,True,6,jar,Gray,17.0938,3.86364,-3.17182,1.9379e-09,0.000688748,False
False,456,False,,,,,,,,,True,begin,7,bar,Black,21.3333,13.7156,0,0,0,9,circle,Green,13.25,14.8615,-1.31674,-1.10604,4.31118
False,456,True,10,User Circle,Red,25.7967,5.00712,-3.13977,1.68259e-09,-1.39215,False
False,456,True,9,circle,Green,13.2273,14.8431,-1.36255,-1.10496,4.34308,False
False,456,True,8,circle,Blue,17.6327,2.90973,-3.5382,-0.000274295,-0.0552341,False
False,456,True,6,jar,Gray,17.0414,3.86365,-3.13977,4.02591e-09,0.000688174,False
False,458,False,,,,,,,,,True,end,7,bar,Black,21.3333,13.7156,0,0,0,9,circle,Green,13.2043,14.8232,-1.38136,-1.1944,4.37622
False,458,True,10,User Circle,Red,25.6936,5.00712,-3.07566,4.6554e-10,-1.37153,False
False,458,True,9,circle,Green,13.1813,14.8006,-1.38136,-1.35773,4.40936,False
False,458,True,8,circle,Blue,17.5153,2.90976,-3.5169,-0.000303377,-0.048337,False
False,458,True,6,jar,Gray,16.9383,3.86366,-3.07566,-1.90948e-09,0.000686848,False
False,459,False,,,,,,,,,True,begin,7,bar,Black,21.3333,13.7156,0,0,0,9,circle,Green,13.1813,14.8006,-1.38136,-1.35773,4.40936
False,459,True,10,User Circle,Red,25.6429,5.00712,-3.04361,-2.99149e-09,-1.36139,False
False,459,True,9,circle,Green,13.1576,14.7771,-1.41921,-1.40567,4.44446,False
False,459,True,8,circle,Blue,17.4569,2.90977,-3.50625,-0.00031764,-0.0446314,False
False,459,True,6,jar,Gray,16.8876,3.86366,-3.04361,-1.59378e-09,0.000686155,False
False,460,False,,,,,,,,,True,end,7,bar,Black,21.3333,13.7156,0,0,0,9,circle,Green,13.1576,14.7771,-1.41921,-1.40567,4.44446
False,460,True,10,User Circle,Red,25.5927,5.00712,-3.01156,5.49748e-10,-1.35135,False
False,460,True,9,circle,Green,13.134,14.751,-1.41921,-1.56901,4.47956,False
False,460,True,8,circle,Blue,17.3986,2.90978,-3.49559,-0.000331891,-0.0407543,False
False,460,True,6,jar,Gray,16.8374,3.86366,-3.01156,-5.01599e-10,0.000685463,False
False,463,False,,,,,,,,,True,begin,7,bar,Black,21.3333,13.7156,0,0,0,9,circle,Green,13.0867,14.6905,-1.41921,-1.89567,4.54974
False,463,True,10,User Circle,Red,25.4453,5.00712,-2.91542,2.76102e-09,-1.32186,False
False,463,True,9,circle,Green,13.0624,14.6574,-1.45735,-1.98463,4.58618,False
False,463,True,8,circle,Blue,17.2249,2.9098,-3.46364,-0.000374905,-0.0280951,False
False,463,True,6,jar,Gray,16.69,3.86366,-2.91542,2.01499e-09,0.000683633,False
False,464,False,,,,,,,,,True,end,7,bar,Black,21.3333,13.7156,0,0,0,9,circle,Green,13.0624,14.6574,-1.45735,-1.98463,4.58618
False,464,True,10,User Circle,Red,25.3973,5.00712,-2.88337,4.26929e-09,-1.31225,False
False,464,True,9,circle,Green,13.0381,14.6216,-1.45735,-2.14796,4.62262,False
False,464,True,8,circle,Blue,17.1674,2.90981,-3.45298,-0.000389526,-0.0235327,False
False,464,True,6,jar,Gray,16.6419,3.86367,-2.88337,5.77006e-09,0.000683104,False
False,506,False,,,,,,,,,True,begin,6,jar,Gray,15.1311,3.86367,-1.57082,9.41352e-10,0.000679167,9,circle,Green,12.0422,10.81,-1.45735,-8.84463,6.11119
False,506,True,10,User Circle,Red,23.8625,5.00712,-1.44104,4.51109e-10,-1.0052,False
False,506,True,9,circle,Green,12.0427,10.8378,-0.0997823,1.23424,6.08732,False
False,506,True,8,circle,Blue,14.9141,2.91434,-2.80892,0.296097,0.325692,False
False,506,True,6,jar,Gray,15.1102,3.86872,-1.23844,0.313548,0.00237116,False
False,507,False,,,,,,,,,True,end,0,boundary,Black,21.3333,-0.416667,0,0,0,6,jar,Gray,15.1102,3.86872,-1.23844,0.313548,0.00237116
False,507,True,10,User Circle,Red,23.8391,5.00712,-1.40668,-9.31323e-10,-1.00051,False
False,507,True,9,circle,Green,12.0411,10.8556,-0.0997825,1.07091,6.06345,False
False,507,True,8,circle,Blue,14.867,2.91843,-2.82341,0.245298,0.340338,False
False,507,True,6,jar,Gray,15.0896,3.87326,-1.23771,0.264689,0.00368254,False
False,508,False,,,,,,,,,True,end,6,jar,Gray,15.0896,3.87326,-1.23771,0.264689,0.00368254,9,circle,Green,12.0411,10.8556,-0.0997825,1.07091,6.06345
False,508,True,10,User Circle,Red,23.8162,5.00712,-1.37268,-4.21324e-09,-0.995934,False
False,508,True,9,circle,Green,12.0394,10.8708,-0.0997825,0.907572,6.03958,False
False,508,True,8,circle,Blue,14.8197,2.92168,-2.83771,0.195507,0.35476,False
False,508,True,6,jar,Gray,15.069,3.87694,-1.23569,0.216198,0.00475926,False
False,521,False,,,,,,,,,True,begin,0,boundary,Black,21.3333,-0.416667,0,0,0,6,jar,Gray,14.8268,3.85823,-1.1888,-0.353911,-0.000957746
False,521,True,10,User Circle,Red,23.5702,5.00712,-0.94631,-2.75531e-09,-0.946733,False
False,521,True,9,circle,Green,12.0178,10.8197,-0.0997825,-1.21576,5.72968,False
False,521,True,8,circle,Blue,14.1875,2.90456,-2.81072,0.00178199,0.52633,False
False,521,True,6,jar,Gray,14.811,3.85968,-0.946299,4.96226e-06,-0.000707366,False
False,523,False,,,,,,,,,True,begin,6,jar,Gray,14.7958,3.86053,-0.914476,-5.70799e-09,-0.000539839,8,circle,Blue,14.1408,2.90475,-2.79969,0.00139244,0.541436
False,523,True,10,User Circle,Red,23.5398,5.00712,-0.91439,2.79397e-09,-0.940635,False
False,523,True,9,circle,Green,12.0145,10.771,-0.0997825,-1.54243,5.68206,False
False,523,True,8,circle,Blue,14.12,2.91506,-1.24863,0.61822,0.546152,False
False,523,True,6,jar,Gray,14.7696,3.86115,-1.57447,6.4928e-09,-0.000434972,False
False,524,False,,,,,,,,,True,end,6,jar,Gray,14.7696,3.86115,-1.57447,6.4928e-09,-0.000434972,8,circle,Blue,14.12,2.91506,-1.24863,0.61822,0.546152
False,524,False,,,,,,,,,True,end,6,jar,Gray,14.7696,3.86115,-1.57447,6.4928e-09,-0.000434972,10,User Circle,Red,23.5398,5.00712,-0.91439,2.79397e-09,-0.940635
False,524,False,,,,,,,,,True,end,6,jar,Gray,14.7696,3.86115,-1.57447,6.4928e-09,-0.000434972,8,circle,Blue,14.12,2.91506,-1.24863,0.61822,0.546152
False,524,True,10,User Circle,Red,23.5245,5.00712,-0.914339,2.7586e-09,-0.937586,False
False,524,True,9,circle,Green,12.0128,10.7426,-0.0997825,-1.70576,5.65826,False
False,524,True,8,circle,Blue,14.0992,2.92264,-1.24863,0.454886,0.550868,False
False,524,True,6,jar,Gray,14.7447,3.86154,-1.4928,-2.91533e-09,-0.000367855,False
False,530,False,,,,,,,,,True,begin,6,jar,Gray,14.6407,3.86217,-1.08447,8.30422e-10,-0.000261347,9,circle,Green,12.0045,10.5596,-0.0997825,-2.52243,5.5393
False,530,True,10,User Circle,Red,23.4331,5.00712,-0.914035,0,-0.919298,False
False,530,True,9,circle,Green,12.011,10.5317,0.356527,-1.70173,5.49878,False
False,530,True,8,circle,Blue,13.9744,2.91096,-1.24863,-0.525114,0.579146,False
False,530,True,6,jar,Gray,14.6244,3.86292,-0.973973,0.0488268,1.48796e-05,False
False,531,False,,,,,,,,,True,begin,6,jar,Gray,14.6244,3.86292,-0.973973,0.0488268,1.48796e-05,8,circle,Blue,13.9744,2.91096,-1.24863,-0.525114,0.579146
False,531,True,10,User Circle,Red,23.4179,5.00712,-0.913984,0,-0.91625,False
False,531,True,9,circle,Green,12.0214,10.5034,0.600949,-1.71351,5.45931,False
False,531,True,8,circle,Blue,13.9533,2.91104,-1.26159,0.00495934,0.583649,False
False,531,True,6,jar,Gray,14.6126,3.86299,-0.704726,0.00617896,6.62677e-05,False
False,532,False,,,,,,,,,True,begin,6,jar,Gray,14.6126,3.86299,-0.704726,0.00617896,6.62677e-05,8,circle,Blue,13.9533,2.91104,-1.26159,0.00495934,0.583649
False,532,True,10,User Circle,Red,23.4026,5.00712,-0.913933,0,-0.913203,False
False,532,True,9,circle,Green,12.0315,10.4722,0.600949,-1.87684,5.41984,False
False,532,True,8,circle,Blue,13.9398,2.91282,-0.827764,0.105721,0.584523,False
False,532,True,6,jar,Gray,14.5988,3.86297,-0.818944,7.98536e-09,6.40097e-05,False
False,537,False,,,,,,,,,True,end,6,jar,Gray,14.5558,3.86294,-0.517204,7.91836e-10,4.83228e-05,9,circle,Green,12.0726,10.3213,0.637657,-2.48018,5.26022
False,537,True,10,User Circle,Red,23.3265,5.00712,-0.913679,0,-0.897969,False
False,537,True,9,circle,Green,12.0832,10.2773,0.637657,-2.64351,5.21978,False
False,537,True,8,circle,Blue,13.8905,2.91287,-0.435538,-5.34932e-09,0.584682,False
False,537,True,6,jar,Gray,14.5485,3.86294,-0.435538,-4.06188e-09,4.61471e-05,False
False,540,False,,,,,,,,,True,begin,6,jar,Gray,14.538,3.86293,-0.272204,-1.89417e-09,4.30184e-05,10,User Circle,Red,23.296,5.00712,-0.913578,0,-0.891876
False,540,True,10,User Circle,Red,23.2843,5.00712,-0.705745,-2.24023e-09,-0.889523,False
False,540,True,9,circle,Green,12.1151,10.1288,0.637657,-3.13351,5.09849,False
False,540,True,8,circle,Blue,13.8743,2.91288,-0.353857,1.39444e-05,0.583376,False
False,540,True,6,jar,Gray,14.5263,3.86293,-0.705577,5.05908e-05,4.32725e-05,False
False,541,False,,,,,,,,,True,end,6,jar,Gray,14.5263,3.86293,-0.705577,5.05908e-05,4.32725e-05,8,circle,Blue,13.8743,2.91288,-0.353857,1.39444e-05,0.583376
False,541,True,10,User Circle,Red,23.2732,5.00712,-0.664151,-5.16047e-09,-0.887309,False
False,541,True,9,circle,Green,12.1258,10.0738,0.637657,-3.29684,5.05808,False
False,541,True,8,circle,Blue,13.8676,2.91288,-0.40289,0.000100858,0.581286,False
False,541,True,6,jar,Gray,14.5152,3.86293,-0.664195,-4.72937e-10,4.32725e-05,False
False,568,False,,,,,,,,,True,begin,6,jar,Gray,14.4056,3.86293,-1.61359e-09,-9.4946e-10,4.32725e-05,8,circle,Blue,13.7523,2.91287,-0.181591,-7.80821e-06,0.583996
False,568,True,10,User Circle,Red,23.1638,5.00712,0.00212915,0,-0.865422,False
False,568,True,9,circle,Green,12.4127,7.56125,0.637657,-7.70685,3.96943,False
False,568,True,8,circle,Blue,13.7523,2.91287,0.000298356,-6.75433e-06,0.584003,False
False,568,True,6,jar,Gray,14.4056,3.86293,-8.42642e-06,1.49839e-09,4.32725e-05,False
True,582,False,,,,,,,,,True,begin,8,circle,Blue,13.7528,2.91286,0.00214505,9.19911e-08,0.583784,9,circle,Green,12.5509,5.64371,0.637657,-9.83017,3.44701
True,582,True,10,User Circle,Red,23.1644,5.00712,0.00236484,0,-0.865532,False
True,582,True,9,circle,Green,12.5162,5.6614,-2.08214,1.06148,3.47766,False
True,582,True,8,circle,Blue,13.7545,2.91286,0.100491,0.000158979,0.582978,False
True,582,True,6,jar,Gray,14.4056,3.86293,-3.34549e-05,1.94981e-05,4.33705e-05,False
False,583,False,,,,,,,,,True,end,8,circle,Blue,13.7545,2.91286,0.100491,0.000158979,0.582978,9,circle,Green,12.5162,5.6614,-2.08214,1.06148,3.47766
False,583,False,,,,,,,,,True,end,6,jar,Gray,14.4056,3.86293,-3.34549e-05,1.94981e-05,4.33705e-05,8,circle,Blue,13.7545,2.91286,0.100491,0.000158979,0.582978
False,583,True,10,User Circle,Red,23.1645,5.00712,0.0070293,-2.67755e-09,-0.865556,False
False,583,True,9,circle,Green,12.4815,5.67637,-2.08214,0.898148,3.5083,False
False,583,True,8,circle,Blue,13.7562,2.91284,0.101539,-0.00160349,0.58219,False
False,583,True,6,jar,Gray,14.4056,3.86293,0.00159308,1.74623e-10,4.33705e-05,False
False,588,False,,,,,,,,,True,begin,6,jar,Gray,14.4057,3.86293,1.75887e-09,1.06949e-08,4.33705e-05,9,circle,Green,12.3427,5.70903,-2.08214,0.244814,3.6308
False,588,True,10,User Circle,Red,23.1651,5.00712,0.00695874,0,-0.865672,False
False,588,True,9,circle,Green,12.3469,5.72167,0.253014,0.758945,3.64399,False
False,588,True,8,circle,Blue,13.7644,2.91344,0.0908884,0.0377114,0.578023,False
False,588,True,6,jar,Gray,14.4045,3.86371,-0.0715118,0.046764,0.000278246,False
False,589,False,,,,,,,,,True,end,6,jar,Gray,14.4045,3.86371,-0.0715118,0.046764,0.000278246,9,circle,Green,12.3469,5.72167,0.253014,0.758945,3.64399
False,589,True,10,User Circle,Red,23.1652,5.00712,0.00695835,0,-0.865695,False
False,589,True,9,circle,Green,12.3511,5.7316,0.253014,0.595611,3.65717,False
False,589,True,8,circle,Blue,13.7661,2.91344,0.100451,2.72692e-05,0.577219,False
False,589,True,6,jar,Gray,14.4045,3.86371,-2.35107e-07,-2.80831e-09,0.000278246,False
False,594,False,,,,,,,,,True,end,6,jar,Gray,14.4045,3.86371,-5.52245e-11,-2.79058e-09,0.000278246,10,User Circle,Red,23.1657,5.00712,0.00695681,0,-0.865788
False,594,True,10,User Circle,Red,23.1658,5.00712,0.00695642,0,-0.865811,False
False,594,True,9,circle,Green,12.3722,5.7404,0.253014,-0.221055,3.72304,False
False,594,True,8,circle,Blue,13.7744,2.91343,0.100272,2.79099e-05,0.573208,False
False,594,True,6,jar,Gray,14.4045,3.86371,-8.83107e-10,-1.87299e-09,0.000278246,False
True,605,False,,,,,,,,,True,begin,8,circle,Blue,13.7911,2.91343,0.0999134,2.78231e-05,0.5652,9,circle,Green,12.4143,5.55384,0.253014,-1.85439,3.85461
True,605,True,10,User Circle,Red,23.1671,5.00712,0.00695217,0,-0.866066,False
True,605,True,9,circle,Green,12.4022,5.55611,-0.634105,-0.0471282,3.87223,False
True,605,True,8,circle,Blue,13.7947,2.91284,0.198293,5.41587e-05,0.563613,False
True,605,True,6,jar,Gray,14.4045,3.86371,-1.08842e-05,-4.06317e-09,0.000278246,False
True,610,False,,,,,,,,,True,begin,6,jar,Gray,14.4045,3.86371,-3.74614e-08,-3.6452e-09,0.000278246,9,circle,Green,12.3588,5.53253,-0.65666,-0.461715,3.94753
True,610,True,10,User Circle,Red,23.1676,5.00712,0.00695024,0,-0.866182,False
True,610,True,9,circle,Green,12.3588,5.53096,0.00862944,-0.103143,3.95498,False
True,610,True,8,circle,Blue,13.8111,2.91256,0.195114,6.7643e-05,0.55582,False
True,610,True,6,jar,Gray,14.4045,3.86371,1.98713e-06,-1.42865e-09,0.000278246,False
